T_2_6_40_[2] 2 4 12 42

[Vehicle Types] - ID_veh_type, fixed_cost, variable_cost, Speed, Capacity, alpha, beta, max_time, max_drive_time
           0           0        1.50          80        3200        2400        2800       54000       22000
           1           0        2.20          50        7000        6000        6200       54000       32400

[Number of Vehicle Types] - ID_veh_type, ID_depot, number_of_vehicles
           0           0           6
           1           0           3
           0           1           6
           1           1           3

[Scheduled Lines] - ID_from, ID_to, cost_per_req, capacity, dep_time, arr_time
           0           1        0.01        7000        5506        6800
           0           1        0.01        7000       12211       13505
           0           1        0.01        7000       18257       19551
           0           1        0.01        7000       56045       57339
           0           1        0.01        7000       65258       66552
           0           1        0.01        7000       77069       78363
           1           0        0.01        7000        4147        5441
           1           0        0.01        7000       11365       12659
           1           0        0.01        7000       22469       23763
           1           0        0.01        7000       56031       57325
           1           0        0.01        7000       63231       64525
           1           0        0.01        7000       76206       77500

[Nodes/requests]: ID_node, ID_depot, lat, long, type, service_time, q_del, q_col, tw_depot_start, tw_depot_end, tw_cust_start, tw_cust_end
           0           0      52.024       5.232       depot           0           0           0           0       86400           0       86400
           1           1      52.114       5.081       depot           0           0           0           0       86400           0       86400
           2           0      51.987       5.122  distribute         960        1307           0       13961       86400       42622       64800
           3           0      52.207       4.924  distribute        1200         776           0       12994       86400       42869       64800
           4           0      52.027       5.330  distribute         840         356           0         103       86400       37041       64800
           5           0      52.088       5.163  distribute         720        1342           0        5726       86400       36152       64800
           6           0      52.042       5.059  distribute        1200         546           0       17668       86400       39295       64800
           7           1      52.193       5.258  distribute        1080         358           0       33148       86400       33874       64800
           8           0      52.103       5.021     collect        1080           0         271           0       71505       42856       64800
           9           0      52.081       5.195  distribute        1200         273           0       13413       86400       40172       64800
          10           0      52.196       5.047     collect        2400           0        2254           0       63676       35737       43988
          11           1      52.189       4.917     collect        2040           0        3951           0       80111       39016       64800
          12           1      52.006       5.197     collect        1800           0        3840           0       71282       42393       53936
          13           0      52.221       4.925     collect         840           0         683           0       76794       37251       64800
          14           0      52.226       5.029  distribute        1200        2308           0       12295       86400       28156       64800
          15           0      52.236       4.963     collect        1680           0        3556           0       72895       32031       64800
          16           1      52.150       5.396     collect         720           0         727           0       80004       42560       64800
          17           1      52.014       5.363     collect        1080           0         836           0       68461       27894       64800
          18           0      52.002       5.285  distribute        1200        1213           0       21846       86400       29254       64800
          19           0      52.100       4.875     collect         600           0         871           0       78225       40081       64800
          20           0      52.159       4.876  distribute         600         994           0       22011       86400       25400       64800
          21           0      52.034       5.414  distribute         840        1006           0       34622       86400       35364       64800
          22           0      52.074       5.426     collect         840           0        1314           0       67457       29585       64800
          23           1      52.001       5.085     collect         720           0         792           0       65544       30583       64800
          24           0      52.160       4.963  distribute         600         710           0        1484       86400       40753       64800
          25           1      52.027       4.938     collect        1080           0        1337           0       70745       32499       64800
          26           0      52.096       5.163     collect         840           0         755           0       61254       29142       38815
          27           0      52.232       5.373  distribute         720         532           0       18596       86400       36612       64800
          28           0      52.209       4.941     collect        1680           0        3180           0       75234       28028       64800
          29           0      52.125       5.321  distribute        1920        2372           0       27487       86400       36638       64800
          30           0      52.165       5.344     collect         840           0         670           0       79001       40387       64800
          31           0      52.209       5.067  distribute        1800        1986           0         439       86400       33559       64800
          32           0      51.987       5.436     collect         960           0         163           0       73337       39388       64800
          33           1      52.051       4.871  distribute        1080         451           0       15217       86400       28441       64800
          34           1      52.157       5.288     collect        1680           0        1474           0       67162       25922       64800
          35           1      52.194       5.350  distribute         960        1317           0       25523       86400       28044       64800
          36           1      52.055       4.816     collect         960           0        1126           0       84210       41265       64800
          37           0      52.046       4.987     collect         600           0        1050           0       83685       39598       50959
          38           0      52.113       4.916     collect        1200           0        1330           0       71275       40619       64800
          39           0      51.998       4.825     collect         960           0        1440           0       75986       39877       64800
          40           0      52.077       4.815     collect        1080           0        1044           0       70676       40615       64800
          41           0      52.038       5.059     collect         720           0        1009           0       66123       30405       64800