T_2_6_50_[2] 2 4 12 52

[Vehicle Types] - ID_veh_type, fixed_cost, variable_cost, Speed, Capacity, alpha, beta, max_time, max_drive_time
           0           0        1.50          80        3200        2400        2800       54000       22000
           1           0        2.20          50        7000        6000        6200       54000       32400

[Number of Vehicle Types] - ID_veh_type, ID_depot, number_of_vehicles
           0           0           7
           1           0           4
           0           1           7
           1           1           4

[Scheduled Lines] - ID_from, ID_to, cost_per_req, capacity, dep_time, arr_time
           0           1        0.01        7000         303        3245
           0           1        0.01        7000        8977       11919
           0           1        0.01        7000       25323       28265
           0           1        0.01        7000       52514       55456
           0           1        0.01        7000       63236       66178
           0           1        0.01        7000       71585       74527
           1           0        0.01        7000        4744        7686
           1           0        0.01        7000       13275       16217
           1           0        0.01        7000       22752       25694
           1           0        0.01        7000       53800       56742
           1           0        0.01        7000       61391       64333
           1           0        0.01        7000       72204       75146

[Nodes/requests]: ID_node, ID_depot, lat, long, type, service_time, q_del, q_col, tw_depot_start, tw_depot_end, tw_cust_start, tw_cust_end
           0           0      51.985       5.289       depot           0           0           0           0       86400           0       86400
           1           1      52.034       4.818       depot           0           0           0           0       86400           0       86400
           2           0      52.093       5.144     collect         600           0         842           0       74142       42746       64800
           3           1      52.176       5.044  distribute         960         912           0          66       86400       32987       64800
           4           1      52.060       4.816  distribute         720         306           0       30250       86400       35967       64800
           5           0      52.198       5.000     collect        1200           0         590           0       69620       38679       64800
           6           1      52.089       5.367     collect        1200           0         237           0       77881       29195       64800
           7           1      52.043       4.876  distribute         720          87           0       12431       86400       26541       64800
           8           1      52.232       5.034     collect         960           0        1335           0       68360       31633       64800
           9           0      52.141       4.876  distribute         960         615           0        1768       86400       28678       64800
          10           0      52.210       5.235  distribute        1080        1218           0        3521       86400       27799       31716
          11           1      52.073       5.323     collect         960           0        1472           0       82282       41083       64800
          12           0      52.152       4.901  distribute         840         106           0       16979       86400       39025       64800
          13           0      52.181       5.117  distribute         600        1418           0        9332       86400       27551       64800
          14           0      52.083       4.882  distribute        1200         266           0        8352       86400       27929       64800
          15           0      51.978       5.116  distribute        2280        3777           0       29841       86400       34064       64800
          16           0      52.102       4.818  distribute        1320        2460           0        5402       86400       26945       64800
          17           0      52.231       4.881     collect        1680           0        1812           0       67959       37111       64800
          18           0      52.153       4.893  distribute         600        1376           0       14278       86400       36845       64800
          19           0      52.213       4.986     collect        1080           0         576           0       72992       26873       64800
          20           1      52.152       5.330  distribute        1080         367           0       16920       86400       33487       64800
          21           1      52.101       5.074     collect         600           0        1125           0       72296       37432       64800
          22           1      52.178       4.871  distribute        1200        1084           0       20050       86400       26225       64800
          23           1      52.017       5.214  distribute         600         539           0       22292       86400       39775       64800
          24           0      52.082       5.140  distribute         720         918           0       11563       86400       31163       36190
          25           1      52.056       4.939     collect        1080           0         762           0       77289       33038       64800
          26           1      52.194       5.003  distribute        1320        1249           0       11513       86400       32456       64800
          27           0      52.128       5.107     collect         600           0         832           0       82169       38512       64800
          28           1      52.221       4.845  distribute         960        1452           0       15223       86400       26630       64800
          29           0      52.025       5.440     collect         840           0        1444           0       81844       38289       64800
          30           1      52.179       4.943     collect         600           0         769           0       66624       41584       64800
          31           0      52.212       5.217  distribute        2160        3513           0        4653       86400       33448       64800
          32           1      52.032       5.055     collect        1200           0        1339           0       73909       33941       64800
          33           1      52.217       5.130     collect        2040           0        1217           0       67996       27425       64800
          34           1      52.112       4.930     collect        1200           0         265           0       83620       32938       64800
          35           1      52.021       4.936     collect        2400           0         724           0       83918       27838       64800
          36           1      52.182       5.095     collect        1080           0         706           0       67532       28375       64800
          37           1      52.128       5.423     collect        1080           0         131           0       84005       27574       64800
          38           0      52.194       5.023  distribute         840         627           0       15508       86400       29910       64800
          39           0      52.189       5.272  distribute         720        1077           0       29048       86400       31324       64800
          40           0      52.018       5.133     collect        1080           0         743           0       78887       36905       64800
          41           0      52.040       5.095     collect         600           0         786           0       71394       33065       64800
          42           1      52.064       5.344     collect        2280           0         820           0       82132       38366       64800
          43           0      52.128       5.244     collect         960           0        1179           0       70925       35190       64800
          44           0      52.103       5.364     collect         960           0         452           0       85646       30590       64800
          45           1      52.162       4.941     collect        1080           0        1056           0       78020       34141       64800
          46           0      52.206       4.912  distribute         840        1055           0       33807       86400       42100       64800
          47           0      52.049       5.400     collect         720           0         262           0       68846       35212       64800
          48           1      52.056       4.818     collect         600           0        1128           0       68535       42615       64800
          49           1      52.006       5.218     collect        1080           0        1074           0       84534       34617       64800
          50           0      51.999       5.047     collect        1200           0        1684           0       71501       36229       64800
          51           1      52.239       5.248     collect        1440           0         354           0       83397       33580       64800