T_2_6_65_[1] 2 4 12 67

[Vehicle Types] - ID_veh_type, fixed_cost, variable_cost, Speed, Capacity, alpha, beta, max_time, max_drive_time
           0           0        1.50          80        3200        2400        2800       54000       22000
           1           0        2.20          50        7000        6000        6200       54000       32400

[Number of Vehicle Types] - ID_veh_type, ID_depot, number_of_vehicles
           0           0           8
           1           0           4
           0           1           8
           1           1           4

[Scheduled Lines] - ID_from, ID_to, cost_per_req, capacity, dep_time, arr_time
           0           1        0.01        7000        8074       11799
           0           1        0.01        7000       16741       20466
           0           1        0.01        7000       23949       27674
           0           1        0.01        7000       54042       57767
           0           1        0.01        7000       64678       68403
           0           1        0.01        7000       76626       80351
           1           0        0.01        7000        6057        9782
           1           0        0.01        7000       15174       18899
           1           0        0.01        7000       24150       27875
           1           0        0.01        7000       55465       59190
           1           0        0.01        7000       62505       66230
           1           0        0.01        7000       69534       73259

[Nodes/requests]: ID_node, ID_depot, lat, long, type, service_time, q_del, q_col, tw_depot_start, tw_depot_end, tw_cust_start, tw_cust_end
           0           0      52.186       5.395       depot           0           0           0           0       86400           0       86400
           1           1      51.990       4.880       depot           0           0           0           0       86400           0       86400
           2           0      52.126       5.181     collect        1320           0         324           0       71777       38400       64800
           3           1      52.110       5.199  distribute        2280         368           0       28454       86400       37106       64800
           4           1      52.108       5.122  distribute         600         160           0       13986       86400       35876       64800
           5           0      51.994       5.155  distribute        1080         225           0       24105       86400       38053       64800
           6           0      52.102       4.992  distribute        1200        1338           0       16651       86400       33502       64800
           7           0      52.069       5.087  distribute         720        1297           0        6355       86400       26623       64800
           8           1      52.065       5.301     collect         960           0         266           0       71998       37130       64800
           9           1      52.031       5.107     collect         600           0         592           0       67637       41909       64800
          10           1      52.181       5.163  distribute        1200         428           0        5358       86400       26291       64800
          11           1      52.006       5.033     collect         600           0         250           0       63797       44497       54268
          12           1      52.227       4.883  distribute        2040         743           0       23918       86400       30005       64800
          13           1      52.120       4.953  distribute         600        1008           0       11292       86400       39871       64800
          14           0      52.098       5.382  distribute         600         393           0        3041       86400       41191       64800
          15           0      52.021       5.378  distribute        1680         267           0       39312       86400       55221       68661
          16           0      52.117       5.077  distribute        1200        5024           0         283       86400       26778       64800
          17           1      52.005       5.338     collect         600           0        1316           0       72530       30852       64800
          18           1      52.031       4.870  distribute         600         537           0       30340       86400       42205       64800
          19           0      52.218       5.102     collect         840           0         519           0       71411       39317       64800
          20           1      51.997       5.036     collect         960           0        1002           0       67389       36190       64800
          21           0      52.066       4.886  distribute        1320        1131           0        1280       86400       27728       34981
          22           1      52.055       4.891     collect        2040           0         192           0       74221       56374       65452
          23           0      51.985       4.912  distribute        1320         699           0       35673       86400       41817       64800
          24           0      52.026       5.080  distribute        1200         787           0       13361       86400       26700       64800
          25           0      51.982       5.382     collect        2280           0         628           0       74120       32334       64800
          26           1      52.115       4.813  distribute         720         316           0       11406       86400       42582       64800
          27           1      52.190       4.863  distribute         720         465           0        5675       86400       36348       64800
          28           0      52.136       4.912  distribute        2400        1160           0        6059       86400       39594       64800
          29           0      52.192       4.998     collect         840           0        1369           0       68988       34254       64800
          30           0      51.992       5.141  distribute         600        1001           0       16072       86400       29305       64800
          31           0      52.021       5.382  distribute        2160        2280           0       16420       86400       28388       64800
          32           1      52.170       5.107     collect        1200           0        1168           0       74997       32547       64800
          33           0      52.149       4.817     collect        1320           0        2112           0       83517       42887       64800
          34           1      52.045       4.929  distribute        1200         796           0       10422       86400       36595       64800
          35           0      51.983       5.046     collect         960           0         699           0       82024       34022       64800
          36           1      51.984       5.134  distribute         840         646           0       10626       86400       27469       64800
          37           0      52.202       4.960     collect         840           0         305           0       73415       42024       64800
          38           1      52.043       5.007  distribute         600         347           0       19615       86400       37994       64800
          39           1      52.239       5.024     collect         840           0        1001           0       75884       39014       64800
          40           1      52.014       5.142  distribute         840          76           0       37445       86400       40396       64800
          41           0      52.185       5.092     collect         720           0        1034           0       84608       36209       64800
          42           0      52.132       4.912     collect         720           0          89           0       80353       52144       66168
          43           1      52.090       5.111  distribute        1200         130           0       32231       86400       35295       64800
          44           0      52.127       4.952     collect         720           0         827           0       70470       42159       64800
          45           1      52.021       4.954  distribute        1200        1458           0       36111       86400       40179       64800
          46           1      52.156       5.345     collect         600           0         256           0       76181       25511       64800
          47           1      52.058       5.237     collect        1080           0        1001           0       76335       41538       64800
          48           0      51.992       4.961  distribute        1080         743           0       13016       86400       26274       36705
          49           1      52.048       5.387  distribute        1680         846           0        9333       86400       38339       64800
          50           0      52.210       4.948  distribute        2280        3618           0       24083       86400       31165       64800
          51           0      52.015       5.286     collect         720           0         951           0       51761       40765       46511
          52           0      52.089       5.172  distribute         600        1190           0       19847       86400       25843       64800
          53           0      52.046       5.314  distribute        2040        3068           0       22135       86400       34437       64800
          54           1      52.081       4.875  distribute         840         619           0        1726       86400       31984       64800
          55           0      52.115       4.937     collect         960           0         456           0       71412       27786       64800
          56           0      52.024       5.352  distribute         840        1335           0       16744       86400       40747       64800
          57           0      52.094       5.076  distribute        1200         143           0        3183       86400       26938       64800
          58           1      52.134       5.121     collect         600           0         561           0       79334       38737       64800
          59           1      51.999       5.046  distribute        2160         317           0       23705       86400       34191       64800
          60           0      52.039       4.874     collect         960           0        1429           0       79307       35169       64800
          61           1      52.214       5.135     collect        1080           0        1267           0       81697       30430       64800
          62           0      52.052       5.252  distribute        1080        1004           0       15024       86400       36342       64800
          63           0      52.123       4.876     collect        1080           0        1123           0       71645       43067       64800
          64           1      52.098       5.103  distribute        1200         551           0       30186       86400       39456       64800
          65           1      52.035       5.158     collect        2400           0        1724           0       77705       32736       64800
          66           1      52.207       5.289     collect         840           0         710           0       75493       37267       64800