T_2_6_75_[2] 2 4 12 77

[Vehicle Types] - ID_veh_type, fixed_cost, variable_cost, Speed, Capacity, alpha, beta, max_time, max_drive_time
           0           0        1.50          80        3200        2400        2800       54000       22000
           1           0        2.20          50        7000        6000        6200       54000       32400

[Number of Vehicle Types] - ID_veh_type, ID_depot, number_of_vehicles
           0           0          10
           1           0           5
           0           1          10
           1           1           5

[Scheduled Lines] - ID_from, ID_to, cost_per_req, capacity, dep_time, arr_time
           0           1        0.01        7000        5166        6813
           0           1        0.01        7000       10518       12165
           0           1        0.01        7000       25253       26900
           0           1        0.01        7000       58978       60625
           0           1        0.01        7000       63843       65490
           0           1        0.01        7000       75755       77402
           1           0        0.01        7000        7470        9117
           1           0        0.01        7000       11814       13461
           1           0        0.01        7000       23012       24659
           1           0        0.01        7000       57407       59054
           1           0        0.01        7000       65952       67599
           1           0        0.01        7000       76498       78145

[Nodes/requests]: ID_node, ID_depot, lat, long, type, service_time, q_del, q_col, tw_depot_start, tw_depot_end, tw_cust_start, tw_cust_end
           0           0      51.991       4.984       depot           0           0           0           0       86400           0       86400
           1           1      52.141       5.094       depot           0           0           0           0       86400           0       86400
           2           1      52.145       4.997  distribute        1440        1896           0       39530       86400       41249       64800
           3           1      51.990       4.891     collect         600           0        1474           0       74735       29537       64800
           4           0      52.224       5.324  distribute         720         568           0       23184       86400       34855       64800
           5           1      52.115       5.233     collect         720           0        1002           0       78348       34371       64800
           6           0      52.009       4.815     collect        1080           0        1039           0       71993       51437       57495
           7           0      52.166       5.299  distribute        1080        1164           0       34019       86400       38453       64800
           8           1      52.179       5.331  distribute         960         770           0       12012       86400       34544       64800
           9           0      52.136       5.101  distribute        2280        1784           0       20435       86400       35676       64800
          10           1      52.131       4.891     collect        1560           0        1422           0       71621       36051       64800
          11           1      52.182       5.232     collect        1920           0        1260           0       68510       43116       64800
          12           1      52.006       4.903  distribute         600        1352           0       13933       86400       38423       64800
          13           1      52.011       5.041     collect         840           0        1236           0       72131       41211       64800
          14           0      52.043       5.410  distribute         840         171           0        1007       86400       35244       64800
          15           0      52.221       5.314     collect        1080           0         908           0       73406       25566       64800
          16           1      52.067       5.032     collect        1080           0         387           0       68046       30832       64800
          17           1      52.116       5.110     collect         720           0         788           0       72269       36597       64800
          18           1      52.027       5.290     collect         960           0        1087           0       81291       37257       64800
          19           0      52.103       5.396  distribute        1200        1095           0       16985       86400       31418       64800
          20           1      52.194       5.304  distribute         600        1151           0         628       86400       34589       64800
          21           0      52.077       4.922  distribute        1080         139           0       28037       86400       38946       64800
          22           0      52.089       4.904     collect         960           0         723           0       84214       30945       64800
          23           0      52.074       5.073     collect        2400           0        3711           0       70113       33407       64800
          24           0      52.082       5.200  distribute        1200         686           0       11436       86400       38642       64800
          25           1      52.221       5.350     collect         600           0        1112           0       59282       33350       37704
          26           1      52.189       5.010     collect         960           0        1290           0       78777       35845       64800
          27           0      52.177       5.228  distribute        1680         439           0       16041       86400       35946       64800
          28           1      52.010       5.212  distribute         720         882           0        9604       86400       31668       64800
          29           0      52.111       5.099  distribute        1200        1204           0       10094       86400       38384       64800
          30           1      52.024       4.906  distribute        1200         272           0        1145       86400       41130       64800
          31           0      52.180       5.053  distribute         840        1388           0       32766       86400       36361       64800
          32           0      52.227       5.423     collect        1680           0         451           0       67744       25986       64800
          33           1      52.225       4.860     collect         720           0         615           0       78795       39435       64800
          34           0      52.070       4.960  distribute        1440         632           0       14355       86400       29182       64800
          35           0      52.087       5.427     collect         840           0         769           0       70035       39120       64800
          36           0      52.024       5.362  distribute        2040         488           0       17969       86400       26124       64800
          37           0      52.183       5.016  distribute         600         837           0       18525       86400       26226       64800
          38           1      52.034       5.093     collect         960           0        1473           0       86107       38018       64800
          39           1      52.185       4.939     collect        1200           0         614           0       84854       39758       64800
          40           0      52.105       5.011  distribute         600        1253           0       22492       86400       28721       64800
          41           0      52.109       5.121     collect         840           0        1118           0       77194       35246       64800
          42           0      52.134       5.204  distribute        2160         283           0       12184       86400       32862       64800
          43           0      52.195       5.173     collect        1920           0        1012           0       84975       37528       47404
          44           0      52.233       5.013  distribute        2160        4028           0       24288       86400       26266       64800
          45           1      52.104       5.158     collect        1320           0         154           0       85565       37169       64800
          46           0      52.182       5.324  distribute         960         748           0       16682       86400       57406       63120
          47           0      52.188       4.820  distribute         720        1023           0       12332       86400       25543       30031
          48           0      52.101       4.848  distribute         720         437           0       15854       86400       32387       41305
          49           0      52.231       5.367     collect         960           0         729           0       74617       28801       64800
          50           1      52.188       5.442  distribute        2160         328           0       21712       86400       30717       64800
          51           1      51.998       5.143     collect         840           0         951           0       71012       35802       64800
          52           0      52.121       5.051     collect         840           0         595           0       71366       32660       64800
          53           0      52.019       5.141     collect        1200           0         884           0       84305       27471       64800
          54           0      52.194       5.009     collect         840           0         572           0       76294       39271       64800
          55           1      52.219       5.254  distribute        1920        1149           0       27418       86400       29184       64800
          56           1      52.092       5.339     collect         840           0         828           0       84012       27879       64800
          57           1      51.976       5.167     collect         600           0        1152           0       72524       31812       64800
          58           1      52.192       5.363     collect        1080           0         138           0       82170       32813       64800
          59           0      52.221       5.200     collect        2040           0         683           0       73496       34568       64800
          60           0      52.210       5.246  distribute         600         724           0        3450       86400       26765       64800
          61           0      52.134       5.073  distribute         600        1202           0        3356       86400       29514       64800
          62           1      52.072       5.216     collect        2160           0        2768           0       67210       33779       64800
          63           0      52.169       5.011     collect        2040           0        3885           0       83110       31594       64800
          64           1      52.208       4.885     collect        1200           0        2106           0       81216       35416       64800
          65           1      52.024       5.188     collect         600           0         368           0       76083       40574       64800
          66           1      52.217       5.430  distribute         840         999           0       14761       86400       40949       64800
          67           1      52.087       5.237  distribute        1200          88           0        8197       86400       35468       64800
          68           1      52.004       5.379     collect         840           0         642           0       68340       33174       64800
          69           0      52.065       5.066  distribute        1080          73           0       34956       86400       38879       64800
          70           0      51.988       5.201  distribute         720         636           0       13556       86400       32219       64800
          71           1      52.189       5.312     collect         840           0         977           0       74937       40643       64800
          72           1      52.026       4.892  distribute         720         161           0       30225       86400       36906       64800
          73           0      52.112       5.405  distribute         600        1179           0       24613       86400       36028       64800
          74           0      52.051       5.318  distribute        1080          95           0       28614       86400       36480       64800
          75           0      52.232       4.928  distribute        1080        1320           0        2293       86400       33022       39208
          76           1      52.230       5.438  distribute        1080        1316           0       24914       86400       31047       64800