T_2_6_95_[0] 2 4 12 97

[Vehicle Types] - ID_veh_type, fixed_cost, variable_cost, Speed, Capacity, alpha, beta, max_time, max_drive_time
           0           0        1.50          80        3200        2400        2800       54000       22000
           1           0        2.20          50        7000        6000        6200       54000       32400

[Number of Vehicle Types] - ID_veh_type, ID_depot, number_of_vehicles
           0           0          12
           1           0           6
           0           1          12
           1           1           6

[Scheduled Lines] - ID_from, ID_to, cost_per_req, capacity, dep_time, arr_time
           0           1        0.01        7000        3192        5443
           0           1        0.01        7000       14047       16298
           0           1        0.01        7000       23568       25819
           0           1        0.01        7000       56881       59132
           0           1        0.01        7000       62255       64506
           0           1        0.01        7000       73553       75804
           1           0        0.01        7000        6321        8572
           1           0        0.01        7000       13052       15303
           1           0        0.01        7000       18074       20325
           1           0        0.01        7000       55021       57272
           1           0        0.01        7000       63515       65766
           1           0        0.01        7000       72042       74293

[Nodes/requests]: ID_node, ID_depot, lat, long, type, service_time, q_del, q_col, tw_depot_start, tw_depot_end, tw_cust_start, tw_cust_end
           0           0      51.977       5.162       depot           0           0           0           0       86400           0       86400
           1           1      52.170       5.350       depot           0           0           0           0       86400           0       86400
           2           1      52.054       5.180  distribute         600        1432           0       23053       86400       41473       64800
           3           1      52.076       5.262  distribute         720         730           0       11764       86400       25527       64800
           4           1      52.059       5.419     collect        1440           0         390           0       72360       40240       64800
           5           0      52.000       4.970     collect         600           0         789           0       72595       29995       64800
           6           1      52.192       5.291  distribute        1200        1358           0       17679       86400       33690       64800
           7           0      52.089       5.239     collect         960           0        1477           0       69934       41120       64800
           8           1      52.097       4.986  distribute        1080         731           0       10609       86400       35412       44382
           9           1      52.203       5.255     collect        1200           0         590           0       70466       28340       64800
          10           1      51.976       5.232     collect        1440           0        1984           0       73548       32253       64800
          11           1      51.997       5.029  distribute         960        1076           0       24871       86400       32431       64800
          12           0      52.040       5.282  distribute        1080          78           0       22315       86400       38513       64800
          13           1      51.987       5.420     collect        2280           0        1320           0       75681       30427       64800
          14           0      52.161       5.410  distribute        2160        2940           0       28804       86400       31298       64800
          15           1      52.155       4.985     collect         960           0        1127           0       73380       29621       64800
          16           1      52.174       5.097     collect         720           0         413           0       69176       37650       64800
          17           0      52.198       5.406     collect        1320           0        2386           0       67424       35333       64800
          18           1      52.105       5.437  distribute         960         112           0        1425       86400       35543       64800
          19           1      52.066       5.017     collect        1080           0         112           0       83003       29887       64800
          20           1      52.166       5.329  distribute        1080         871           0       37864       86400       42302       64800
          21           1      52.033       5.415     collect         840           0         224           0       74747       38139       64800
          22           0      52.025       5.197  distribute         600        1162           0       29394       86400       33207       64800
          23           1      52.192       5.316  distribute         960        1107           0       29430       86400       29664       64800
          24           0      52.117       5.424  distribute        1080        1228           0        6383       86400       42966       64800
          25           1      52.006       5.436  distribute         960         513           0       33651       86400       40602       64800
          26           0      52.179       5.252     collect        2280           0        1536           0       72060       29188       64800
          27           0      52.197       5.045     collect        1560           0          80           0       67236       43066       64800
          28           1      52.007       5.294     collect        1080           0         206           0       82403       27033       64800
          29           1      52.015       4.924     collect        1200           0         106           0       85629       25577       64800
          30           0      52.162       5.304     collect        1320           0         126           0       76443       27454       64800
          31           1      52.176       4.868     collect         960           0         367           0       78668       37736       64800
          32           0      51.980       4.820     collect        1200           0        1428           0       73409       33772       64800
          33           1      52.067       5.029     collect         720           0         615           0       68481       33600       64800
          34           1      52.160       5.052     collect         960           0        1194           0       66419       30029       64800
          35           0      52.107       4.879     collect         720           0        1120           0       79588       26431       64800
          36           1      52.212       5.099     collect        1200           0        3936           0       71909       36451       64800
          37           0      52.212       5.014     collect        2040           0        4395           0       70913       38442       64800
          38           0      52.124       5.332     collect         960           0        1197           0       67808       33582       46597
          39           0      52.147       4.923  distribute        2160         438           0       21281       86400       39362       64800
          40           0      52.182       4.950     collect         840           0         166           0       80826       35355       64800
          41           0      51.997       4.917     collect         960           0         423           0       74180       39768       64800
          42           0      52.015       5.153     collect         840           0         977           0       79802       37872       64800
          43           1      52.130       5.367     collect         960           0        1453           0       73937       38225       64800
          44           1      52.135       4.939     collect         720           0         979           0       77410       42038       64800
          45           0      52.131       5.017  distribute        1200         506           0       12580       86400       31717       64800
          46           1      52.239       4.896  distribute         600         540           0        1267       86400       28470       64800
          47           0      52.118       5.097  distribute        1080          76           0        1463       86400       40779       64800
          48           1      52.172       4.883  distribute        2400        1380           0       19030       86400       28345       64800
          49           0      52.014       5.287     collect        1200           0        1063           0       72166       25683       64800
          50           1      52.063       5.273     collect        1200           0        1337           0       69739       36780       64800
          51           0      52.069       5.313     collect         840           0         773           0       76145       38053       64800
          52           1      52.215       5.210  distribute        1080         748           0       33557       86400       37701       64800
          53           0      52.031       5.257  distribute        1080        1397           0       12330       86400       27947       64800
          54           0      52.035       5.086     collect         960           0        1169           0       82165       34877       64800
          55           1      52.024       5.034     collect         720           0         254           0       84046       37667       64800
          56           0      52.082       4.991     collect         600           0         930           0       66727       41703       64800
          57           0      52.158       5.081  distribute         960         346           0       12013       86400       28178       64800
          58           0      52.034       5.377  distribute         600         676           0       14382       86400       42135       64800
          59           0      52.107       5.324     collect         840           0         180           0       74787       26326       64800
          60           0      52.038       4.960  distribute         960         613           0        3928       86400       30109       64800
          61           1      52.236       5.418  distribute         960         424           0       25612       86400       27355       64800
          62           0      52.098       4.830     collect        1440           0        1220           0       78144       40350       64800
          63           0      52.239       5.244  distribute         840        1127           0       35238       86400       41446       64800
          64           0      52.183       4.889  distribute        1080        1344           0       13847       86400       38541       45012
          65           1      52.217       4.898     collect         960           0        1330           0       76272       27415       64800
          66           0      52.128       5.412     collect         960           0         991           0       67743       35657       64800
          67           1      52.154       5.080     collect         600           0         406           0       82869       38530       64800
          68           1      52.202       5.416  distribute         600         469           0        3040       86400       32050       64800
          69           0      52.168       5.188  distribute        2280        2972           0       10348       86400       28636       64800
          70           1      52.158       4.907  distribute         960         154           0        1155       86400       37083       64800
          71           1      52.161       5.072     collect        2160           0         362           0       71672       43191       64800
          72           1      52.002       5.105  distribute        1920        2124           0       13353       86400       31296       64800
          73           1      52.177       5.216  distribute        1200         630           0        1153       86400       36735       64800
          74           1      52.098       5.010  distribute        1080         383           0       13099       86400       29598       64800
          75           1      52.072       5.360     collect        1080           0        1279           0       69960       54313       58849
          76           1      52.151       5.031     collect         840           0          93           0       77417       25502       64800
          77           0      52.086       5.295     collect         600           0        1227           0       69470       32949       64800
          78           1      52.098       5.002     collect        1080           0         513           0       75075       29081       64800
          79           0      52.019       5.401  distribute        1080         467           0        6597       86400       38339       64800
          80           0      51.990       4.866  distribute        1200         726           0       31077       86400       33175       64800
          81           1      52.085       5.406  distribute         600         861           0        6855       86400       42595       64800
          82           1      52.061       4.932     collect        1200           0        3387           0       71334       35284       64800
          83           0      52.145       4.985     collect         600           0         325           0       72932       34514       64800
          84           1      52.115       4.983     collect         720           0        1473           0       74929       32728       64800
          85           1      52.081       4.893  distribute        1200         653           0       16850       86400       34375       64800
          86           0      52.221       5.069  distribute        1920        2080           0        2698       86400       40290       64800
          87           0      51.977       5.189  distribute         720         381           0        4165       86400       30222       64800
          88           1      52.180       5.221     collect         840           0        1204           0       65507       35270       64800
          89           0      52.180       5.364     collect        1440           0         573           0       70622       40341       64800
          90           0      52.138       5.006  distribute         840        1330           0       16148       86400       38103       64800
          91           1      52.051       5.295     collect         720           0         747           0       83201       27900       64800
          92           1      52.055       5.123     collect         720           0          78           0       75366       28179       64800
          93           0      52.044       5.302  distribute         840        1411           0        1494       86400       38588       64800
          94           1      52.201       4.899     collect        1080           0        1137           0       85043       27567       64800
          95           1      52.025       5.316     collect         840           0         552           0       74025       37191       64800
          96           1      52.103       4.975     collect         600           0        1277           0       86032       37924       64800