T_2_6_45_[2] 2 4 12 47

[Vehicle Types] - ID_veh_type, fixed_cost, variable_cost, Speed, Capacity, alpha, beta, max_time, max_drive_time
           0           0        1.50          80        3200        2400        2800       54000       22000
           1           0        2.20          50        7000        6000        6200       54000       32400

[Number of Vehicle Types] - ID_veh_type, ID_depot, number_of_vehicles
           0           0           6
           1           0           3
           0           1           6
           1           1           3

[Scheduled Lines] - ID_from, ID_to, cost_per_req, capacity, dep_time, arr_time
           0           1        0.01        7000        1350        1520
           0           1        0.01        7000       13853       14023
           0           1        0.01        7000       21182       21352
           0           1        0.01        7000       55138       55308
           0           1        0.01        7000       68468       68638
           0           1        0.01        7000       76799       76969
           1           0        0.01        7000         370         540
           1           0        0.01        7000       12035       12205
           1           0        0.01        7000       22923       23093
           1           0        0.01        7000       53208       53378
           1           0        0.01        7000       62970       63140
           1           0        0.01        7000       74416       74586

[Nodes/requests]: ID_node, ID_depot, lat, long, type, service_time, q_del, q_col, tw_depot_start, tw_depot_end, tw_cust_start, tw_cust_end
           0           0      52.119       5.050       depot           0           0           0           0       86400           0       86400
           1           1      52.104       5.063       depot           0           0           0           0       86400           0       86400
           2           1      52.237       4.990     collect         600           0         794           0       70690       39967       64800
           3           0      52.081       4.814  distribute         840         350           0       29251       86400       32009       64800
           4           1      52.153       4.826     collect         720           0        1146           0       85461       39317       53311
           5           0      52.176       5.255     collect        1080           0         691           0       73159       34952       64800
           6           1      52.144       5.334  distribute        1080         514           0       23716       86400       37600       64800
           7           1      52.024       5.363     collect         840           0         701           0       68743       28524       64800
           8           1      51.981       5.160  distribute         600         347           0        7004       86400       26618       64800
           9           0      52.189       5.205     collect         600           0         460           0       69658       33252       64800
          10           0      52.026       5.401  distribute        1440        1734           0        3252       86400       38963       64800
          11           1      52.175       5.435  distribute        1080         417           0       36093       86400       39927       64800
          12           0      52.214       5.321     collect        1080           0         298           0       78026       38550       64800
          13           0      52.081       5.261  distribute        1200        1159           0       24917       86400       28522       64800
          14           0      52.061       5.126     collect        2280           0        3132           0       67001       39963       64800
          15           0      52.079       5.308  distribute         600        1433           0       19737       86400       25248       64800
          16           1      52.061       5.427     collect        1200           0         169           0       80663       41530       64800
          17           0      52.135       5.074  distribute        2280        3339           0       19389       86400       41539       64800
          18           0      52.095       5.086  distribute         720        1187           0        9494       86400       27194       64800
          19           1      52.005       5.296  distribute         720         590           0        6159       86400       29438       64800
          20           0      52.098       5.073  distribute        1800        1744           0        8804       86400       34455       64800
          21           1      51.986       5.419  distribute         720         506           0       22530       86400       26972       64800
          22           1      51.980       5.281     collect         840           0         464           0       77777       43007       64800
          23           0      52.050       4.892  distribute         600        1328           0       35365       86400       39515       64800
          24           0      52.180       4.815     collect         600           0        1243           0       72452       26886       64800
          25           0      51.991       5.253  distribute        1560        2010           0         155       86400       40350       64800
          26           1      52.086       5.103  distribute         840         848           0       17724       86400       25618       64800
          27           0      52.142       4.856  distribute         960         675           0       10589       86400       33240       41125
          28           0      52.027       4.886     collect         720           0         434           0       70836       35659       64800
          29           0      52.173       5.432  distribute         960        1346           0       16001       86400       30825       64800
          30           0      52.112       5.167  distribute         720        1473           0        2337       86400       29348       64800
          31           1      52.168       4.852  distribute         960        1395           0         104       86400       34731       64800
          32           0      52.014       5.268  distribute        1080        1154           0       27391       86400       30037       64800
          33           1      52.222       5.146     collect        1080           0          88           0       86070       25963       64800
          34           1      52.175       5.316  distribute        1080         851           0        6521       86400       35394       64800
          35           0      52.197       5.136  distribute         840         936           0        5147       86400       31553       64800
          36           0      52.170       5.000  distribute         600         635           0        1057       86400       33117       64800
          37           1      52.222       5.083  distribute         840         247           0       17938       86400       41235       64800
          38           1      52.000       4.966  distribute         720        1210           0       13794       86400       43156       64800
          39           0      52.147       4.893     collect         960           0         132           0       69783       42897       64800
          40           0      52.180       4.865  distribute        1680        1023           0       19312       86400       30262       64800
          41           0      52.087       5.041     collect         960           0         978           0       81244       30165       64800
          42           1      51.984       4.870  distribute         840         231           0       31716       86400       36455       64800
          43           1      52.005       4.894  distribute        1920         927           0        2070       86400       35198       38853
          44           1      52.040       5.018  distribute        1920        2098           0        1880       86400       30840       64800
          45           0      52.205       4.870     collect        2160           0        1339           0       79413       30533       64800
          46           0      51.985       4.831     collect         960           0        1180           0       72372       31172       64800