T_2_6_35_[0] 2 4 12 37

[Vehicle Types] - ID_veh_type, fixed_cost, variable_cost, Speed, Capacity, alpha, beta, max_time, max_drive_time
           0           0        1.50          80        3200        2400        2800       54000       22000
           1           0        2.20          50        7000        6000        6200       54000       32400

[Number of Vehicle Types] - ID_veh_type, ID_depot, number_of_vehicles
           0           0           6
           1           0           3
           0           1           6
           1           1           3

[Scheduled Lines] - ID_from, ID_to, cost_per_req, capacity, dep_time, arr_time
           0           1        0.01        7000        5475        6163
           0           1        0.01        7000       16824       17512
           0           1        0.01        7000       20125       20813
           0           1        0.01        7000       53158       53846
           0           1        0.01        7000       66022       66710
           0           1        0.01        7000       72275       72963
           1           0        0.01        7000        5772        6460
           1           0        0.01        7000       15486       16174
           1           0        0.01        7000       19402       20090
           1           0        0.01        7000       54399       55087
           1           0        0.01        7000       63058       63746
           1           0        0.01        7000       72285       72973

[Nodes/requests]: ID_node, ID_depot, lat, long, type, service_time, q_del, q_col, tw_depot_start, tw_depot_end, tw_cust_start, tw_cust_end
           0           0      52.037       4.954       depot           0           0           0           0       86400           0       86400
           1           1      52.057       5.061       depot           0           0           0           0       86400           0       86400
           2           0      52.099       5.025     collect         960           0         982           0       80409       37249       64800
           3           1      52.160       5.209     collect         600           0         623           0       74750       43081       64800
           4           0      52.028       5.269  distribute        2400        4413           0        8712       86400       32139       64800
           5           0      51.984       5.051     collect         960           0         707           0       74484       31395       64800
           6           1      52.180       5.153     collect         960           0        1238           0       68119       27492       64800
           7           0      52.230       5.361     collect         960           0         544           0       68722       41005       64800
           8           1      52.125       5.338     collect         960           0        1337           0       85463       42554       64800
           9           0      52.006       5.097     collect        2040           0        2894           0       75113       35496       64800
          10           0      52.125       5.002  distribute         600        1254           0        8520       86400       38512       64800
          11           0      52.032       5.356     collect         840           0         128           0       70398       38939       64800
          12           0      52.082       5.032     collect        1200           0         523           0       84831       35419       64800
          13           0      52.160       5.363     collect         720           0         554           0       66418       39644       64800
          14           1      52.044       5.260     collect        1800           0        5172           0       75451       50894       64299
          15           0      52.112       5.139     collect        1080           0         507           0       82060       43164       64800
          16           0      52.133       5.193     collect         960           0        1377           0       76642       42987       64800
          17           0      52.014       5.377     collect         720           0         461           0       72622       28959       64800
          18           0      52.087       5.357  distribute        1320        2402           0       35718       86400       50646       62269
          19           0      52.074       4.859  distribute         840         990           0       20288       86400       37041       64800
          20           0      52.145       5.373  distribute         960        1113           0       16385       86400       33133       43709
          21           0      52.226       5.014     collect        1200           0         130           0       68340       40482       64800
          22           0      52.067       5.383  distribute        1080        1406           0       26595       86400       35728       64800
          23           1      52.151       4.953     collect         720           0         714           0       73159       29367       64800
          24           0      52.214       4.818     collect         600           0         145           0       80240       42099       64800
          25           1      51.980       5.000  distribute         840        1479           0         600       86400       25537       64800
          26           1      52.017       4.879     collect         600           0        1243           0       83267       36815       64800
          27           0      52.213       5.265  distribute        1080        1079           0       21003       86400       37730       64800
          28           0      52.124       5.044     collect        1080           0         641           0       74539       33965       64800
          29           0      52.161       5.312  distribute        1200         299           0        3640       86400       34284       64800
          30           1      52.116       5.109     collect         600           0         892           0       83562       36204       64800
          31           1      52.058       5.273  distribute        2280        2604           0       18035       86400       32913       64800
          32           0      52.147       5.163     collect         960           0         742           0       47144       32100       39210
          33           1      52.193       5.050     collect        1200           0        2679           0       85524       32157       64800
          34           1      52.120       4.923  distribute        1200         420           0       29152       86400       30714       64800
          35           0      52.121       5.061     collect        1080           0        1348           0       81319       25313       64800
          36           0      52.013       5.008  distribute         720         506           0       26854       86400       28018       64800