T_2_6_90_[2] 2 4 12 92

[Vehicle Types] - ID_veh_type, fixed_cost, variable_cost, Speed, Capacity, alpha, beta, max_time, max_drive_time
           0           0        1.50          80        3200        2400        2800       54000       22000
           1           0        2.20          50        7000        6000        6200       54000       32400

[Number of Vehicle Types] - ID_veh_type, ID_depot, number_of_vehicles
           0           0          11
           1           0           5
           0           1          11
           1           1           5

[Scheduled Lines] - ID_from, ID_to, cost_per_req, capacity, dep_time, arr_time
           0           1        0.01        7000        6210        7764
           0           1        0.01        7000       11022       12576
           0           1        0.01        7000       22013       23567
           0           1        0.01        7000       52940       54494
           0           1        0.01        7000       68732       70286
           0           1        0.01        7000       73275       74829
           1           0        0.01        7000        7377        8931
           1           0        0.01        7000       12132       13686
           1           0        0.01        7000       25465       27019
           1           0        0.01        7000       57464       59018
           1           0        0.01        7000       62093       63647
           1           0        0.01        7000       70442       71996

[Nodes/requests]: ID_node, ID_depot, lat, long, type, service_time, q_del, q_col, tw_depot_start, tw_depot_end, tw_cust_start, tw_cust_end
           0           0      52.200       4.957       depot           0           0           0           0       86400           0       86400
           1           1      52.085       5.127       depot           0           0           0           0       86400           0       86400
           2           0      52.047       4.973  distribute         600         565           0        1176       86400       41122       64800
           3           1      52.087       5.276  distribute         840         399           0       19562       86400       42272       64800
           4           0      52.139       5.235  distribute        1200        1439           0       23761       86400       25336       64800
           5           0      52.159       5.210  distribute         840         179           0        8286       86400       29184       64800
           6           0      52.136       5.005     collect        1080           0         886           0       78445       29672       64800
           7           1      52.153       5.024  distribute         720         732           0       27634       86400       40818       64800
           8           0      52.191       5.203  distribute        1320        1664           0        9563       86400       42001       64800
           9           1      52.075       5.075     collect        1920           0        1917           0       79166       34197       64800
          10           1      52.234       4.940  distribute         840        1405           0       23567       86400       32350       64800
          11           0      52.188       5.019     collect         840           0         137           0       67804       27932       64800
          12           0      52.003       5.266  distribute        1080         590           0       28324       86400       30663       64800
          13           1      52.060       5.074     collect        1200           0         227           0       84817       32905       64800
          14           1      52.107       5.189  distribute         840          77           0       21409       86400       38428       64800
          15           1      52.105       5.191  distribute         960        1418           0        5954       86400       26088       64800
          16           0      52.052       5.301     collect         840           0          84           0       77165       25807       64800
          17           1      52.007       5.443  distribute        1080        1191           0       24866       86400       32803       64800
          18           0      52.084       5.126  distribute         840        1330           0       10303       86400       40613       64800
          19           0      52.037       5.152     collect         720           0         375           0       79149       37614       64800
          20           1      52.050       5.441     collect        1200           0         313           0       66504       28918       64800
          21           1      52.210       5.164  distribute         840         117           0         173       86400       40458       64800
          22           0      52.090       5.165  distribute        1200        1656           0       28473       86400       37230       64800
          23           0      52.210       4.858     collect         720           0         368           0       66508       34538       64800
          24           1      52.224       5.436  distribute         960         106           0        2404       86400       27589       64800
          25           0      52.021       4.811  distribute        1680        1488           0       18180       86400       40726       64800
          26           1      52.044       5.179  distribute        1080         863           0       22034       86400       36085       64800
          27           0      52.134       5.176  distribute         720        1010           0       15979       86400       30031       64800
          28           0      52.076       5.433  distribute        1200        4432           0        9914       86400       29085       64800
          29           0      52.010       5.416     collect        1080           0         199           0       62448       36858       43775
          30           0      52.066       5.361  distribute         960         988           0       21522       86400       27349       64800
          31           1      52.170       5.326     collect        1440           0        3376           0       84996       26975       64800
          32           1      52.065       4.955     collect         720           0        1082           0       82191       47306       60103
          33           1      51.979       5.003  distribute        1200         829           0       20309       86400       26451       64800
          34           1      52.129       5.146  distribute        1080         606           0       13191       86400       34609       64800
          35           0      51.977       5.331     collect         840           0         285           0       60739       39135       42026
          36           0      52.198       5.017  distribute        1200         944           0       28860       86400       40774       64800
          37           1      52.148       5.032  distribute         840         352           0       38408       86400       42887       64800
          38           1      52.093       5.342     collect         840           0         823           0       78438       52994       65640
          39           0      51.989       5.236  distribute         960        1447           0       12594       86400       36877       64800
          40           1      52.021       4.953     collect        1080           0         629           0       80490       31468       64800
          41           0      52.176       4.960  distribute        1080         636           0        2701       86400       34271       64800
          42           1      52.098       5.119  distribute        1920        2358           0       19386       86400       31293       64800
          43           0      52.099       5.177  distribute        1200         721           0       17969       86400       39104       64800
          44           1      52.227       4.977  distribute         840        1149           0        3611       86400       32172       64800
          45           0      52.204       4.884  distribute         960         396           0        1376       86400       40066       64800
          46           1      52.140       5.078  distribute        2400        2972           0        4650       86400       33202       43179
          47           0      52.180       5.359     collect         840           0        1138           0       71766       36724       64800
          48           1      52.131       5.444     collect        1200           0         125           0       80534       34139       64800
          49           1      52.005       5.324     collect        1440           0        1034           0       70751       27649       64800
          50           0      52.097       5.304  distribute         720         172           0       28884       86400       53327       58407
          51           0      52.133       5.346     collect         600           0        1121           0       85206       53741       64532
          52           1      52.118       4.986     collect         600           0         151           0       77845       35980       64800
          53           0      52.185       4.894  distribute        1440        2560           0       14685       86400       35290       64800
          54           0      52.001       5.021  distribute        1200         555           0       13644       86400       29085       64800
          55           0      52.092       5.157  distribute        1080         875           0        2701       86400       32611       64800
          56           0      52.049       5.416     collect        1080           0        1434           0       80226       37536       64800
          57           0      52.134       4.913     collect         600           0         207           0       75382       40760       64800
          58           1      52.232       4.865  distribute         600         437           0       17816       86400       25981       64800
          59           1      52.178       4.888  distribute         960        1174           0       36585       86400       49469       58299
          60           0      52.137       4.836     collect        1680           0         118           0       74675       39904       64800
          61           0      52.038       5.167  distribute        1680        1198           0       27668       86400       34463       64800
          62           1      52.230       5.271     collect        1080           0        1170           0       66527       36643       64800
          63           0      52.008       5.232  distribute         600        1482           0       11757       86400       31779       64800
          64           0      52.219       4.922  distribute        1680        3852           0        7908       86400       32621       64800
          65           1      52.082       4.925     collect        2280           0        3918           0       70350       35304       64800
          66           1      52.111       5.239  distribute         600        1497           0       29353       86400       34683       64800
          67           1      52.187       5.358  distribute        1200         869           0        2549       86400       36874       64800
          68           1      52.116       4.951     collect        1200           0         266           0       85322       28086       64800
          69           1      52.154       5.249  distribute        1200         504           0       31450       86400       32659       64800
          70           0      52.094       5.116     collect         960           0        1331           0       83308       31949       64800
          71           0      52.057       5.358  distribute        1080         617           0        7728       86400       38810       64800
          72           1      52.134       5.402  distribute         720         920           0        2208       86400       39243       64800
          73           0      52.045       5.106     collect         720           0        1349           0       76808       36652       64800
          74           1      52.135       5.384     collect         600           0         389           0       73785       37049       64800
          75           0      52.170       5.425  distribute         720        1179           0       29353       86400       37905       64800
          76           1      52.047       4.832  distribute         720         304           0       11616       86400       38667       64800
          77           0      52.182       5.282     collect         960           0        1262           0       76854       41491       64800
          78           1      52.174       5.226  distribute        1200        2188           0        7941       86400       32812       64800
          79           0      52.157       5.395     collect         720           0        1151           0       79063       39705       64800
          80           1      52.117       5.020  distribute         960         652           0        7103       86400       39360       64800
          81           1      52.061       5.264     collect         840           0         920           0       72765       27585       64800
          82           1      52.213       4.866  distribute         600        1343           0       27330       86400       40804       64800
          83           1      52.108       5.265  distribute         840         934           0       12971       86400       28800       64800
          84           0      52.085       5.341  distribute         840        1468           0        8698       86400       28470       64800
          85           1      52.177       5.032     collect         960           0         979           0       74964       31908       64800
          86           0      52.130       5.085     collect         960           0         573           0       77969       38585       64800
          87           0      52.110       5.428  distribute         960         164           0       26575       86400       36308       64800
          88           0      52.135       5.210     collect         840           0         693           0       68438       31616       64800
          89           0      52.131       4.863     collect        1560           0         237           0       74069       35311       64800
          90           1      52.020       5.440     collect        1080           0         954           0       77124       41950       64800
          91           1      52.047       5.203     collect         720           0         212           0       85402       41537       64800