T_2_6_50_[1] 2 4 12 52

[Vehicle Types] - ID_veh_type, fixed_cost, variable_cost, Speed, Capacity, alpha, beta, max_time, max_drive_time
           0           0        1.50          80        3200        2400        2800       54000       22000
           1           0        2.20          50        7000        6000        6200       54000       32400

[Number of Vehicle Types] - ID_veh_type, ID_depot, number_of_vehicles
           0           0           6
           1           0           3
           0           1           6
           1           1           3

[Scheduled Lines] - ID_from, ID_to, cost_per_req, capacity, dep_time, arr_time
           0           1        0.01        7000        2607        3511
           0           1        0.01        7000       10076       10980
           0           1        0.01        7000       17769       18673
           0           1        0.01        7000       58063       58967
           0           1        0.01        7000       65206       66110
           0           1        0.01        7000       77229       78133
           1           0        0.01        7000        3462        4366
           1           0        0.01        7000       12623       13527
           1           0        0.01        7000       20037       20941
           1           0        0.01        7000       52281       53185
           1           0        0.01        7000       66415       67319
           1           0        0.01        7000       77315       78219

[Nodes/requests]: ID_node, ID_depot, lat, long, type, service_time, q_del, q_col, tw_depot_start, tw_depot_end, tw_cust_start, tw_cust_end
           0           0      52.163       5.324       depot           0           0           0           0       86400           0       86400
           1           1      52.074       5.349       depot           0           0           0           0       86400           0       86400
           2           1      52.216       5.162     collect        2040           0        1277           0       79996       36848       64800
           3           0      52.214       5.370  distribute        1200         664           0        7358       86400       26835       64800
           4           1      52.182       4.891     collect        1200           0        1257           0       75389       26031       64800
           5           0      52.226       5.182     collect        1680           0        3940           0       58717       48363       51844
           6           1      52.082       5.136  distribute         840          75           0        7636       86400       27305       64800
           7           1      52.079       5.166     collect         720           0        1287           0       79687       42740       64800
           8           1      52.239       4.936     collect        1200           0         694           0       85901       41095       64800
           9           1      52.042       5.413     collect         720           0         640           0       66982       37544       64800
          10           0      52.063       5.159     collect         720           0        1433           0       70933       32839       64800
          11           1      52.078       5.236  distribute         840         337           0       29858       86400       34417       64800
          12           1      51.982       5.115     collect        2160           0        1000           0       85267       38017       64800
          13           1      52.233       5.421  distribute         840         195           0        2120       86400       25568       64800
          14           1      52.001       5.084  distribute        1200         368           0        4389       86400       37939       64800
          15           1      52.234       4.839  distribute         840        1209           0       11323       86400       26196       64800
          16           1      52.188       4.938     collect         720           0         849           0       67215       40910       64800
          17           1      52.158       5.095     collect         600           0        1023           0       79866       38792       64800
          18           0      52.228       5.401  distribute        1080         119           0       18894       86400       25949       64800
          19           1      52.167       5.005  distribute         840         445           0        4858       86400       33203       64800
          20           1      52.148       5.005     collect         840           0         482           0       67797       33359       64800
          21           0      52.196       5.356     collect        1200           0         551           0       67586       33061       64800
          22           1      52.125       5.027     collect        2280           0        2874           0       79349       36245       64800
          23           0      52.170       5.404  distribute         840        1483           0       22399       86400       31345       64800
          24           1      52.055       4.896  distribute         720        1370           0       18792       86400       32632       64800
          25           0      52.206       5.419  distribute        2160        2217           0       17628       86400       49935       53186
          26           0      52.163       4.949     collect         720           0         517           0       71681       40922       64800
          27           0      52.043       5.168     collect         960           0         530           0       69592       37527       64800
          28           1      51.994       5.178  distribute         960        1109           0       35639       86400       37658       64800
          29           0      52.032       5.337  distribute         720         497           0        7923       86400       30258       64800
          30           1      52.222       5.086     collect         840           0         297           0       73271       42231       64800
          31           0      52.223       4.979  distribute         840          92           0       27789       86400       41857       64800
          32           1      52.174       5.197  distribute         840         483           0       19380       86400       33261       64800
          33           0      52.072       4.954  distribute         720        1113           0        5735       86400       34506       64800
          34           0      52.173       4.842     collect         840           0         786           0       66869       34356       64800
          35           0      52.149       5.443     collect         960           0         361           0       79781       32433       64800
          36           0      51.976       4.832  distribute        1200        1094           0       10361       86400       40509       64800
          37           0      52.144       5.163  distribute        1200        1144           0        6005       86400       29717       64800
          38           0      52.112       5.257     collect        1200           0          99           0       70233       35717       64800
          39           1      52.119       5.194     collect        1080           0         587           0       75324       34616       64800
          40           0      52.006       5.359     collect         960           0         308           0       81299       40574       64800
          41           1      51.977       5.363     collect         840           0         889           0       53683       33252       47499
          42           1      52.187       4.885     collect        1200           0        1384           0       66957       42145       64800
          43           1      52.145       5.271     collect        1200           0         954           0       80280       36690       64800
          44           1      52.202       5.064  distribute        1560         360           0        8328       86400       42164       64800
          45           1      52.145       5.340  distribute        1080         358           0       18945       86400       33790       64800
          46           1      51.978       4.872     collect         720           0         335           0       74480       29770       64800
          47           0      52.027       4.885  distribute         720          53           0       18501       86400       28875       64800
          48           1      52.154       5.012     collect         720           0        1360           0       77656       31733       64800
          49           0      52.237       4.868     collect        1080           0         229           0       85664       37490       64800
          50           0      52.238       5.262  distribute        1680        1612           0       28364       86400       41096       64800
          51           0      52.124       5.279  distribute         600        1433           0       26859       86400       38170       64800