T_2_6_40_[0] 2 4 12 42

[Vehicle Types] - ID_veh_type, fixed_cost, variable_cost, Speed, Capacity, alpha, beta, max_time, max_drive_time
           0           0        1.50          80        3200        2400        2800       54000       22000
           1           0        2.20          50        7000        6000        6200       54000       32400

[Number of Vehicle Types] - ID_veh_type, ID_depot, number_of_vehicles
           0           0           6
           1           0           3
           0           1           6
           1           1           3

[Scheduled Lines] - ID_from, ID_to, cost_per_req, capacity, dep_time, arr_time
           0           1        0.01        7000         549        2847
           0           1        0.01        7000        9354       11652
           0           1        0.01        7000       17644       19942
           0           1        0.01        7000       59851       62149
           0           1        0.01        7000       60640       62938
           0           1        0.01        7000       75136       77434
           1           0        0.01        7000        5377        7675
           1           0        0.01        7000        9208       11506
           1           0        0.01        7000       17753       20051
           1           0        0.01        7000       52820       55118
           1           0        0.01        7000       63002       65300
           1           0        0.01        7000       70147       72445

[Nodes/requests]: ID_node, ID_depot, lat, long, type, service_time, q_del, q_col, tw_depot_start, tw_depot_end, tw_cust_start, tw_cust_end
           0           0      52.075       5.221       depot           0           0           0           0       86400           0       86400
           1           1      52.239       4.959       depot           0           0           0           0       86400           0       86400
           2           1      52.010       5.244     collect         600           0        1279           0       46936       30913       39522
           3           1      52.093       5.445  distribute         720         453           0       26989       86400       31551       64800
           4           1      52.006       5.419     collect         720           0        1025           0       78216       27454       64800
           5           0      52.152       4.833     collect        1080           0          50           0       71020       38596       64800
           6           0      52.129       4.831  distribute        1080         832           0       31311       86400       45036       49327
           7           0      52.074       5.038  distribute        1080         644           0        9151       86400       25736       64800
           8           1      52.010       5.173  distribute        2400        1383           0       31381       86400       36465       64800
           9           0      52.109       5.149  distribute         960         738           0        9417       86400       34204       64800
          10           0      52.225       4.919  distribute        1080         676           0        5733       86400       39401       64800
          11           1      52.020       5.200  distribute        2040        3940           0        4295       86400       25346       64800
          12           0      52.060       5.186     collect        2040           0         774           0       73197       55904       62718
          13           0      52.185       5.382     collect         960           0        1016           0       77594       27262       64800
          14           1      52.102       4.849  distribute         960        1308           0        6425       86400       28186       32071
          15           1      52.070       5.286  distribute         840         704           0        8638       86400       35456       64800
          16           1      52.034       4.977     collect        1680           0        1178           0       72362       41934       64800
          17           1      52.061       5.326  distribute        1680        5520           0        6175       86400       41237       64800
          18           0      52.144       5.240  distribute         600        1257           0       28577       86400       41846       64800
          19           1      52.166       5.424  distribute        1440         184           0       14973       86400       27339       64800
          20           1      51.979       4.990  distribute        1080         392           0       32241       86400       34879       64800
          21           0      52.205       5.343     collect        1560           0         412           0       81894       35113       64800
          22           1      52.199       4.905  distribute        2040        2282           0       42339       86400       43182       64800
          23           0      52.152       5.118     collect        1080           0        1499           0       69738       41226       64800
          24           1      52.202       5.244  distribute         840         458           0        9150       86400       37262       64800
          25           0      52.073       5.052     collect         600           0        1165           0       77005       29769       64800
          26           1      52.132       4.899  distribute         600         833           0       34872       86400       42600       64800
          27           0      52.015       5.216  distribute        1680        2980           0       10367       86400       25495       64800
          28           1      52.164       4.817     collect         600           0        1285           0       67162       35586       64800
          29           0      52.093       5.118  distribute         600         776           0       31632       86400       36736       64800
          30           0      52.106       5.379  distribute        2400         338           0       21657       86400       25532       64800
          31           0      51.990       4.831     collect        1080           0         713           0       68149       27164       64800
          32           1      51.988       5.207  distribute        1080        1279           0        7044       86400       28604       64800
          33           0      51.977       5.363     collect         600           0        1116           0       66443       26789       64800
          34           1      52.222       5.157     collect        1200           0        1473           0       71805       41172       64800
          35           1      52.235       5.277  distribute         720        1367           0        7573       86400       26963       64800
          36           0      52.125       4.866     collect        1080           0         603           0       85402       39830       64800
          37           0      52.187       5.203  distribute        1200         965           0       25020       86400       30803       64800
          38           1      52.136       5.423     collect         720           0        1176           0       55110       43545       51853
          39           1      52.000       4.888  distribute         600         123           0       21881       86400       31497       64800
          40           1      52.208       5.312     collect        1200           0        1306           0       79314       37643       64800
          41           1      52.027       4.986     collect         840           0        1107           0       84429       36983       64800