T_2_6_80_[2] 2 4 12 82

[Vehicle Types] - ID_veh_type, fixed_cost, variable_cost, Speed, Capacity, alpha, beta, max_time, max_drive_time
           0           0        1.50          80        3200        2400        2800       54000       22000
           1           0        2.20          50        7000        6000        6200       54000       32400

[Number of Vehicle Types] - ID_veh_type, ID_depot, number_of_vehicles
           0           0           9
           1           0           5
           0           1           9
           1           1           5

[Scheduled Lines] - ID_from, ID_to, cost_per_req, capacity, dep_time, arr_time
           0           1        0.01        7000        4844        5829
           0           1        0.01        7000       15034       16019
           0           1        0.01        7000       18268       19253
           0           1        0.01        7000       60243       61228
           0           1        0.01        7000       65181       66166
           0           1        0.01        7000       74113       75098
           1           0        0.01        7000        6397        7382
           1           0        0.01        7000       12902       13887
           1           0        0.01        7000       22159       23144
           1           0        0.01        7000       52650       53635
           1           0        0.01        7000       63347       64332
           1           0        0.01        7000       72960       73945

[Nodes/requests]: ID_node, ID_depot, lat, long, type, service_time, q_del, q_col, tw_depot_start, tw_depot_end, tw_cust_start, tw_cust_end
           0           0      52.179       5.025       depot           0           0           0           0       86400           0       86400
           1           1      52.240       5.151       depot           0           0           0           0       86400           0       86400
           2           0      52.045       4.952     collect        1080           0         214           0       76439       42412       64800
           3           0      52.200       4.955  distribute         600         129           0       33679       86400       39741       64800
           4           0      51.976       5.224  distribute         960        1375           0       24087       86400       34844       64800
           5           0      52.004       5.161     collect        1560           0         718           0       75924       26917       64800
           6           0      52.036       4.977     collect         600           0         799           0       80744       34410       64800
           7           0      52.012       4.987     collect        1560           0         228           0       70721       41476       64800
           8           1      52.225       4.907  distribute        2280        2760           0        9060       86400       34009       64800
           9           1      52.115       5.321     collect        1920           0         802           0       66063       32625       64800
          10           0      51.990       5.074     collect        1080           0         796           0       80982       30924       64800
          11           1      52.172       5.358     collect         720           0         550           0       75319       42449       64800
          12           1      52.083       4.895  distribute         600         214           0       29202       86400       35036       64800
          13           1      52.199       5.243  distribute        1080         227           0       24569       86400       42543       64800
          14           0      52.134       4.901  distribute         600        1093           0       33226       86400       50561       56122
          15           1      52.063       5.237  distribute         960        1473           0       27517       86400       36606       64800
          16           1      52.133       5.237  distribute         720         232           0        7652       86400       28641       64800
          17           0      52.006       4.825  distribute         840         815           0       22350       86400       30528       64800
          18           1      52.045       4.997     collect        1080           0          65           0       82450       39354       64800
          19           0      52.002       5.133  distribute         720         206           0        5422       86400       29103       64800
          20           0      52.133       4.974  distribute         840         356           0        9756       86400       25296       64800
          21           0      52.163       5.410     collect         600           0        1177           0       76934       47074       57063
          22           0      52.109       5.358  distribute        1200         379           0       18996       86400       25944       64800
          23           0      52.170       5.036  distribute         960         318           0       20392       86400       40917       64800
          24           0      51.990       5.168  distribute         840         316           0        7899       86400       27217       33882
          25           0      52.038       5.169     collect         600           0        1253           0       78087       28663       64800
          26           0      52.086       5.009     collect         600           0        1233           0       86338       31619       64800
          27           0      52.240       5.102     collect         840           0        1031           0       73650       34825       44302
          28           1      52.000       5.032     collect        1200           0        5152           0       67537       40666       64800
          29           0      52.092       4.954  distribute         720         637           0       25018       86400       33017       64800
          30           0      52.226       4.818  distribute        1200         322           0       18442       86400       36748       64800
          31           0      52.237       5.147     collect         720           0        1219           0       74037       37834       64800
          32           0      52.191       5.074     collect         600           0         109           0       69498       42636       64800
          33           1      52.088       5.011     collect         600           0         372           0       70938       38839       64800
          34           0      52.021       4.940  distribute        1560        1246           0       24832       86400       25839       64800
          35           1      52.122       5.326     collect        1320           0        1268           0       71578       31450       64800
          36           0      52.178       5.373     collect        1800           0        1520           0       68638       39816       64800
          37           0      52.002       5.072     collect         840           0         230           0       67478       37775       64800
          38           1      52.238       4.834     collect        1680           0         788           0       80927       36237       64800
          39           0      52.096       5.246     collect         840           0         663           0       72576       35718       64800
          40           0      52.013       5.030     collect        1080           0        1424           0       85560       29459       64800
          41           1      52.109       5.238     collect         720           0         961           0       69907       27401       64800
          42           0      52.014       5.440  distribute         600         964           0        3233       86400       42077       64800
          43           1      51.997       5.229     collect         960           0         612           0       84773       32400       64800
          44           1      52.236       4.958     collect        1440           0        2110           0       70470       33690       64800
          45           1      52.094       5.149  distribute        1080         836           0       26532       86400       29022       64800
          46           1      52.000       5.328  distribute        2400         710           0        2108       86400       34297       64800
          47           1      52.131       5.036  distribute        1080         192           0       13152       86400       36346       64800
          48           0      52.161       5.405     collect         600           0         439           0       86303       26321       64800
          49           1      52.234       5.197  distribute         600         294           0       10667       86400       35558       64800
          50           0      52.189       5.369     collect        2280           0        1231           0       70688       29569       64800
          51           0      52.067       5.337     collect         600           0         134           0       83623       38250       64800
          52           0      52.123       5.324  distribute         720        1105           0       37946       86400       40236       64800
          53           1      52.139       4.980     collect         960           0         599           0       85699       41080       64800
          54           1      52.096       5.110  distribute        1080        1069           0       15421       86400       26929       64800
          55           1      52.096       4.954  distribute         840         230           0       14391       86400       42325       64800
          56           0      52.084       5.092     collect         960           0         739           0       76147       27202       64800
          57           0      52.177       5.029  distribute        1200         671           0       10182       86400       28919       64800
          58           1      52.200       4.965  distribute        2160         659           0       29990       86400       32802       64800
          59           0      51.997       5.171  distribute        2280        1140           0       41643       86400       43206       50974
          60           0      52.168       5.352     collect        1080           0         191           0       74929       25488       64800
          61           0      51.997       5.408  distribute         600         103           0       24213       86400       35039       64800
          62           1      52.239       5.008  distribute        2160        1816           0       30614       86400       36535       64800
          63           0      52.114       5.303  distribute        1200         567           0       20385       86400       29799       44071
          64           1      52.058       4.862     collect        1560           0        2868           0       77947       35469       42544
          65           0      52.035       5.212  distribute        1560         369           0       32077       86400       39367       64800
          66           0      52.225       5.391     collect         960           0        1442           0       78619       29704       64800
          67           0      52.178       4.887  distribute        1080        1475           0       22248       86400       27667       64800
          68           1      52.097       4.815     collect         840           0         205           0       70604       31189       64800
          69           1      52.189       4.947  distribute        1080         894           0       27811       86400       32909       64800
          70           0      52.004       4.831  distribute         720         920           0        7027       86400       33808       64800
          71           1      52.033       5.098  distribute        1200         531           0       25575       86400       34383       64800
          72           1      52.027       5.071     collect        1560           0        2188           0       77658       28155       64800
          73           1      52.173       5.446     collect        1200           0         970           0       82471       28021       64800
          74           1      52.072       5.253     collect        1800           0        3747           0       76026       41915       64800
          75           1      52.053       5.345  distribute         840         138           0       39092       86400       41183       64800
          76           1      51.978       4.885     collect         720           0        1281           0       78026       28523       64800
          77           0      52.121       5.063  distribute         960        1056           0       11163       86400       41802       49795
          78           0      52.173       5.064  distribute        1320        1704           0       31155       86400       37737       64800
          79           1      52.098       5.221  distribute         600         945           0         329       86400       25566       64800
          80           1      52.069       5.344     collect        1680           0        3632           0       79855       37877       64800
          81           0      52.117       5.283     collect         840           0         452           0       86126       34751       64800