T_2_6_55_[2] 2 4 12 57

[Vehicle Types] - ID_veh_type, fixed_cost, variable_cost, Speed, Capacity, alpha, beta, max_time, max_drive_time
           0           0        1.50          80        3200        2400        2800       54000       22000
           1           0        2.20          50        7000        6000        6200       54000       32400

[Number of Vehicle Types] - ID_veh_type, ID_depot, number_of_vehicles
           0           0           6
           1           0           3
           0           1           6
           1           1           3

[Scheduled Lines] - ID_from, ID_to, cost_per_req, capacity, dep_time, arr_time
           0           1        0.01        7000        7035        8323
           0           1        0.01        7000       15253       16541
           0           1        0.01        7000       20121       21409
           0           1        0.01        7000       52030       53318
           0           1        0.01        7000       67083       68371
           0           1        0.01        7000       70886       72174
           1           0        0.01        7000        7262        8550
           1           0        0.01        7000       16429       17717
           1           0        0.01        7000       18720       20008
           1           0        0.01        7000       57613       58901
           1           0        0.01        7000       68966       70254
           1           0        0.01        7000       73270       74558

[Nodes/requests]: ID_node, ID_depot, lat, long, type, service_time, q_del, q_col, tw_depot_start, tw_depot_end, tw_cust_start, tw_cust_end
           0           0      52.206       5.123       depot           0           0           0           0       86400           0       86400
           1           1      52.173       4.920       depot           0           0           0           0       86400           0       86400
           2           0      52.080       5.062     collect        1080           0         593           0       83684       35653       64800
           3           1      52.090       4.930  distribute         840         323           0         630       86400       27607       64800
           4           1      52.133       5.041  distribute         960         890           0       18480       86400       34644       64800
           5           1      52.074       5.443     collect         600           0         655           0       68530       36175       64800
           6           1      52.080       5.243  distribute        1320        1208           0       19095       86400       25333       64800
           7           1      51.987       5.026     collect         600           0          73           0       85101       27210       64800
           8           1      52.219       5.391  distribute        1080        1455           0        4634       86400       26451       64800
           9           0      52.023       5.075     collect         720           0         953           0       72183       42794       64800
          10           0      52.048       5.444     collect         960           0          53           0       71973       56967       67653
          11           1      52.177       5.305  distribute        1080        1361           0         917       86400       32161       64800
          12           1      52.139       4.844     collect        2040           0        1304           0       68860       42349       64800
          13           1      52.196       5.364  distribute         960         379           0       20288       86400       30916       64800
          14           1      52.084       5.344     collect         840           0         828           0       79012       33077       64800
          15           0      52.025       5.427     collect        1080           0         214           0       77921       25922       64800
          16           0      52.002       4.996  distribute         960        1102           0       35834       86400       42143       47598
          17           0      52.133       4.865  distribute         960        1107           0        9981       86400       31665       64800
          18           0      52.212       4.990  distribute         960         223           0       10585       86400       39333       64800
          19           0      52.076       5.270  distribute        2280        2664           0        7962       86400       42669       64800
          20           1      52.152       4.949     collect         720           0        1276           0       80855       31983       64800
          21           1      52.082       5.306     collect        2400           0        1662           0       84182       37088       64800
          22           1      52.113       4.860  distribute        1200         349           0        3861       86400       41980       64800
          23           0      52.157       4.914     collect        1320           0         820           0       59425       44027       49396
          24           0      52.227       4.939  distribute         600         304           0        8676       86400       34547       48715
          25           0      52.107       5.354  distribute        1080         178           0       20917       86400       38240       64800
          26           0      52.219       5.226  distribute         840         232           0       26326       86400       38749       64800
          27           0      52.122       4.825     collect        1800           0         656           0       81263       30826       64800
          28           0      52.094       5.116  distribute         600        1004           0        6078       86400       29197       64800
          29           1      52.103       5.218     collect        1560           0        4508           0       70362       35324       64800
          30           0      52.233       5.074  distribute        1200         438           0       31880       86400       36678       64800
          31           1      52.189       4.977  distribute        1560        1460           0       14640       86400       25785       64800
          32           1      52.201       5.285     collect        1200           0        1124           0       81922       37831       64800
          33           1      52.025       5.339     collect         600           0         492           0       79692       25306       64800
          34           0      52.109       5.325     collect        1920           0        2104           0       83243       28108       64800
          35           0      52.073       5.419     collect        2280           0        4860           0       72260       36060       64800
          36           0      52.083       5.241  distribute         720         863           0        4358       86400       25965       64800
          37           1      52.093       5.330  distribute        2400         368           0       13370       86400       35498       64800
          38           0      52.017       5.198  distribute         720         545           0       12067       86400       30550       64800
          39           1      52.044       5.073     collect         960           0         737           0       86124       35727       64800
          40           1      52.047       4.934  distribute        1080         153           0       14556       86400       42977       64800
          41           0      51.982       4.981     collect         600           0         573           0       85880       45214       58204
          42           1      52.040       5.356  distribute        1080         908           0        4065       86400       41319       64800
          43           0      52.236       5.002  distribute         960        1088           0        4803       86400       28969       64800
          44           1      52.025       5.379  distribute        1080         495           0       20832       86400       31178       64800
          45           1      52.153       5.442  distribute        1440         172           0       12733       86400       26521       64800
          46           1      52.022       5.366  distribute         840        1151           0       19162       86400       39353       64800
          47           0      52.138       5.095     collect         600           0         741           0       66707       36450       64800
          48           1      52.066       5.262  distribute         960         394           0       24494       86400       37665       64800
          49           0      52.108       5.237     collect         960           0         649           0       83769       28165       31822
          50           0      52.169       5.112     collect         960           0         406           0       76070       26113       64800
          51           1      52.088       5.073     collect         720           0         169           0       72696       42238       64800
          52           0      52.117       5.032  distribute        1080         565           0       14954       86400       29129       64800
          53           0      52.084       4.928  distribute         840         776           0       18331       86400       29489       64800
          54           0      52.140       5.219  distribute        2400        3279           0       23319       86400       26818       64800
          55           1      52.199       5.218     collect         720           0         897           0       82764       30232       64800
          56           0      52.070       4.905  distribute        2160        3726           0       30794       86400       44239       49592