T_2_6_20_[1] 2 4 12 22

[Vehicle Types] - ID_veh_type, fixed_cost, variable_cost, Speed, Capacity, alpha, beta, max_time, max_drive_time
           0           0        1.50          80        3200        2400        2800       54000       22000
           1           0        2.20          50        7000        6000        6200       54000       32400

[Number of Vehicle Types] - ID_veh_type, ID_depot, number_of_vehicles
           0           0           4
           1           0           2
           0           1           4
           1           1           2

[Scheduled Lines] - ID_from, ID_to, cost_per_req, capacity, dep_time, arr_time
           0           1        0.01        7000        7741        9222
           0           1        0.01        7000       10801       12282
           0           1        0.01        7000       18435       19916
           0           1        0.01        7000       54795       56276
           0           1        0.01        7000       64891       66372
           0           1        0.01        7000       71835       73316
           1           0        0.01        7000          25        1506
           1           0        0.01        7000       15176       16657
           1           0        0.01        7000       22033       23514
           1           0        0.01        7000       59904       61385
           1           0        0.01        7000       61170       62651
           1           0        0.01        7000       70264       71745

[Nodes/requests]: ID_node, ID_depot, lat, long, type, service_time, q_del, q_col, tw_depot_start, tw_depot_end, tw_cust_start, tw_cust_end
           0           0      52.054       5.105       depot           0           0           0           0       86400           0       86400
           1           1      52.177       5.239       depot           0           0           0           0       86400           0       86400
           2           0      52.101       4.833     collect        1200           0        1390           0       84481       32254       64800
           3           0      52.078       4.877     collect        1200           0        1241           0       53131       46786       50655
           4           0      52.164       5.061  distribute         720        1020           0       19648       86400       41200       64800
           5           1      52.083       5.246     collect         720           0        1107           0       78525       39703       64800
           6           0      52.106       5.376  distribute         960        1283           0       36341       86400       40833       64800
           7           0      52.134       4.983     collect         960           0        1464           0       70956       32347       64800
           8           1      52.215       5.274     collect        2160           0        3726           0       78475       39182       64800
           9           0      52.194       5.059  distribute         600        1034           0       28614       86400       41303       64800
          10           1      52.184       5.293  distribute         720         985           0        8229       86400       29023       64800
          11           1      52.221       4.813     collect         960           0        1295           0       53752       26255       38399
          12           1      52.069       5.059  distribute         720         855           0        8555       86400       35675       64800
          13           0      52.044       5.002  distribute         600          98           0       17565       86400       42372       64800
          14           1      52.220       5.044     collect         840           0        1310           0       70112       34937       64800
          15           0      52.209       5.236     collect         720           0        1031           0       72366       44938       58706
          16           0      52.200       5.155  distribute        1080         549           0       28590       86400       38495       64800
          17           0      52.029       4.932     collect         600           0         112           0       69722       34262       64800
          18           1      52.232       5.081     collect        1080           0         219           0       81632       28597       64800
          19           0      52.093       5.047  distribute        1560        1417           0       12193       86400       25490       64800
          20           1      52.075       5.022  distribute         600         880           0       24895       86400       28573       64800
          21           1      52.107       5.090     collect         840           0        1476           0       66617       40796       64800