T_2_6_15_[2] 2 4 12 17

[Vehicle Types] - ID_veh_type, fixed_cost, variable_cost, Speed, Capacity, alpha, beta, max_time, max_drive_time
           0           0        1.50          80        3200        2400        2800       54000       22000
           1           0        2.20          50        7000        6000        6200       54000       32400

[Number of Vehicle Types] - ID_veh_type, ID_depot, number_of_vehicles
           0           0           3
           1           0           2
           0           1           3
           1           1           2

[Scheduled Lines] - ID_from, ID_to, cost_per_req, capacity, dep_time, arr_time
           0           1        0.01        7000         989        2044
           0           1        0.01        7000       13922       14977
           0           1        0.01        7000       20262       21317
           0           1        0.01        7000       55415       56470
           0           1        0.01        7000       65494       66549
           0           1        0.01        7000       70344       71399
           1           0        0.01        7000        4358        5413
           1           0        0.01        7000       12970       14025
           1           0        0.01        7000       18471       19526
           1           0        0.01        7000       58510       59565
           1           0        0.01        7000       64513       65568
           1           0        0.01        7000       73793       74848

[Nodes/requests]: ID_node, ID_depot, lat, long, type, service_time, q_del, q_col, tw_depot_start, tw_depot_end, tw_cust_start, tw_cust_end
           0           0      52.174       5.441       depot           0           0           0           0       86400           0       86400
           1           1      52.098       5.322       depot           0           0           0           0       86400           0       86400
           2           0      52.110       5.119  distribute        1080         750           0       15366       86400       28309       64800
           3           0      52.024       5.242     collect         840           0        1031           0       73018       30555       64800
           4           0      52.199       5.436  distribute        2040         452           0       31296       86400       33652       64800
           5           0      52.032       5.326  distribute        2040        4672           0         559       86400       40074       64800
           6           0      52.090       5.113     collect        1200           0         360           0       77815       52393       55671
           7           0      52.130       5.216  distribute         720        1241           0       14965       86400       26205       64800
           8           1      52.237       5.018     collect         720           0        1471           0       83979       33203       64800
           9           1      52.198       4.859  distribute        1320         671           0        9372       86400       27839       64800
          10           1      52.192       4.911  distribute        1080         889           0       21889       86400       39826       64800
          11           1      52.016       5.133  distribute        2280         941           0       26492       86400       32758       64800
          12           0      52.109       5.447  distribute        1800         400           0       18912       86400       35754       64800
          13           1      52.165       5.186  distribute         720        1045           0        2802       86400       32542       64800
          14           1      52.177       4.877  distribute         960         893           0        1326       86400       40792       64800
          15           1      52.073       5.102  distribute         600        1489           0        4423       86400       32131       64800
          16           1      51.992       5.406  distribute         720         666           0       14101       86400       27367       64800