T_2_6_30_[1] 2 4 12 32

[Vehicle Types] - ID_veh_type, fixed_cost, variable_cost, Speed, Capacity, alpha, beta, max_time, max_drive_time
           0           0        1.50          80        3200        2400        2800       54000       22000
           1           0        2.20          50        7000        6000        6200       54000       32400

[Number of Vehicle Types] - ID_veh_type, ID_depot, number_of_vehicles
           0           0           5
           1           0           2
           0           1           5
           1           1           2

[Scheduled Lines] - ID_from, ID_to, cost_per_req, capacity, dep_time, arr_time
           0           1        0.01        7000        1802        4560
           0           1        0.01        7000       12537       15295
           0           1        0.01        7000       19123       21881
           0           1        0.01        7000       52843       55601
           0           1        0.01        7000       62676       65434
           0           1        0.01        7000       72782       75540
           1           0        0.01        7000        1385        4143
           1           0        0.01        7000       13660       16418
           1           0        0.01        7000       19578       22336
           1           0        0.01        7000       57854       60612
           1           0        0.01        7000       62033       64791
           1           0        0.01        7000       77693       80451

[Nodes/requests]: ID_node, ID_depot, lat, long, type, service_time, q_del, q_col, tw_depot_start, tw_depot_end, tw_cust_start, tw_cust_end
           0           0      52.220       4.857       depot           0           0           0           0       86400           0       86400
           1           1      52.028       5.179       depot           0           0           0           0       86400           0       86400
           2           1      52.012       5.355     collect         840           0        1026           0       71449       35592       64800
           3           1      52.020       5.269  distribute         960        1442           0       16381       86400       25480       32038
           4           1      52.065       4.906  distribute        1200        2392           0       35913       86400       38705       64800
           5           0      52.052       5.056     collect        1080           0        1296           0       75738       25747       64800
           6           1      52.231       5.045     collect        1200           0         736           0       76871       40067       64800
           7           0      52.083       4.818     collect         840           0         259           0       74012       31293       64800
           8           1      52.151       5.181     collect        1320           0         694           0       84103       34441       64800
           9           1      52.188       4.970     collect         600           0        1441           0       68039       38504       64800
          10           1      52.093       5.079     collect        1200           0         315           0       78184       36430       64800
          11           1      52.191       5.098  distribute         960         497           0        9160       86400       27794       64800
          12           0      51.987       4.928  distribute        1200        1161           0       19618       86400       34769       64800
          13           1      52.137       4.868  distribute        1200        1025           0         394       86400       33898       64800
          14           1      52.099       5.215  distribute        1560        1596           0       22369       86400       25429       64800
          15           1      51.989       5.413     collect        1560           0        2572           0       65590       28564       64800
          16           0      52.237       5.420  distribute        1080         664           0       12652       86400       32712       64800
          17           1      52.029       5.198     collect         720           0         956           0       77983       36195       64800
          18           1      52.094       5.345     collect         840           0         471           0       72041       54416       63537
          19           1      52.000       5.135     collect        1080           0         648           0       67991       39240       64800
          20           1      52.142       5.283     collect        1200           0        1500           0       66362       33040       64800
          21           1      52.174       5.012  distribute        1320        5276           0       19709       86400       43078       64800
          22           0      52.006       5.388  distribute         600         194           0       10691       86400       37402       64800
          23           0      52.140       4.927     collect        1080           0         432           0       78616       36815       64800
          24           0      52.169       5.417     collect        1080           0        1102           0       78104       33510       64800
          25           0      52.145       4.811  distribute        1320        1924           0       19827       86400       34750       47811
          26           1      52.201       4.822  distribute         600        1422           0       23180       86400       34067       64800
          27           1      52.201       5.079     collect         600           0         601           0       75841       31993       64800
          28           1      52.048       4.850     collect        1080           0        1222           0       76104       42941       64800
          29           0      52.176       5.329     collect        1200           0        1382           0       79977       30322       64800
          30           0      52.223       5.440     collect        1200           0         412           0       72171       34481       64800
          31           0      52.151       5.030     collect        1200           0         249           0       73562       37289       64800