T_2_6_35_[1] 2 4 12 37

[Vehicle Types] - ID_veh_type, fixed_cost, variable_cost, Speed, Capacity, alpha, beta, max_time, max_drive_time
           0           0        1.50          80        3200        2400        2800       54000       22000
           1           0        2.20          50        7000        6000        6200       54000       32400

[Number of Vehicle Types] - ID_veh_type, ID_depot, number_of_vehicles
           0           0           5
           1           0           2
           0           1           5
           1           1           2

[Scheduled Lines] - ID_from, ID_to, cost_per_req, capacity, dep_time, arr_time
           0           1        0.01        7000        7104        8726
           0           1        0.01        7000       10809       12431
           0           1        0.01        7000       20170       21792
           0           1        0.01        7000       55320       56942
           0           1        0.01        7000       68655       70277
           0           1        0.01        7000       76508       78130
           1           0        0.01        7000        2015        3637
           1           0        0.01        7000       17162       18784
           1           0        0.01        7000       25308       26930
           1           0        0.01        7000       52903       54525
           1           0        0.01        7000       65425       67047
           1           0        0.01        7000       71732       73354

[Nodes/requests]: ID_node, ID_depot, lat, long, type, service_time, q_del, q_col, tw_depot_start, tw_depot_end, tw_cust_start, tw_cust_end
           0           0      52.155       4.968       depot           0           0           0           0       86400           0       86400
           1           1      51.993       4.976       depot           0           0           0           0       86400           0       86400
           2           0      52.061       4.898  distribute         840         841           0       36325       86400       39603       64800
           3           0      52.133       4.967  distribute         720        1372           0       15144       86400       26253       64800
           4           0      51.980       4.985  distribute        1200         965           0       12611       86400       25506       64800
           5           1      52.019       4.870     collect        1320           0        1172           0       86152       35444       64800
           6           1      52.042       5.171  distribute        1200          51           0        5831       86400       32650       64800
           7           0      52.059       5.348  distribute         720         437           0       13608       86400       31539       64800
           8           1      52.041       4.858     collect         840           0         422           0       67844       51810       62038
           9           0      52.074       5.124  distribute        1200        1070           0        2585       86400       33819       64800
          10           0      52.068       5.017  distribute         720         933           0       23832       86400       55158       63198
          11           0      52.097       4.922  distribute         960         714           0       24366       86400       26169       64800
          12           0      52.193       5.255     collect         960           0        1480           0       82397       39146       64800
          13           0      52.161       5.097  distribute         600         156           0        4602       86400       31178       64800
          14           1      52.210       5.082  distribute         840        1116           0        1200       86400       27310       64800
          15           0      52.206       5.187  distribute         960        1230           0       37386       86400       38412       64800
          16           1      52.089       5.202  distribute         840        1277           0        4973       86400       38260       64800
          17           0      52.017       4.813  distribute        1080         827           0       16982       86400       32460       44782
          18           0      52.177       4.848     collect        1920           0        2156           0       69950       32277       64800
          19           0      52.071       5.384  distribute         840         770           0        5753       86400       37427       64800
          20           1      52.177       5.384     collect         840           0         275           0       85955       27267       64800
          21           1      52.050       5.434     collect        1200           0         409           0       82838       28888       64800
          22           0      52.068       5.030  distribute         840         454           0        6800       86400       39171       64800
          23           0      52.066       5.238     collect         720           0        1212           0       71115       28289       64800
          24           1      52.230       5.118  distribute         840         732           0        2770       86400       39976       64800
          25           0      52.066       5.449  distribute         960        1404           0       10636       86400       32154       39883
          26           0      52.108       4.860  distribute        1080         640           0        6863       86400       39494       64800
          27           0      52.155       4.852     collect        1200           0         839           0       84791       26882       64800
          28           0      52.084       4.854  distribute        1680         280           0       32072       86400       38072       64800
          29           1      52.016       5.045  distribute         960          58           0       28433       86400       29446       64800
          30           0      52.167       5.402  distribute        2040        1620           0       27776       86400       30690       64800
          31           0      52.116       5.383     collect         960           0         591           0       70320       39362       64800
          32           1      52.218       5.016  distribute         960         136           0        6920       86400       26444       64800
          33           0      52.203       5.011     collect        1200           0         523           0       77262       26355       64800
          34           0      52.037       4.865     collect        1080           0         465           0       81379       32240       64800
          35           1      52.002       5.178     collect        1200           0         843           0       73759       28662       64800
          36           1      51.983       5.193     collect         840           0         494           0       70413       25866       64800