T_2_6_200_[2] 2 4 12 202

[Vehicle Types] - ID_veh_type, fixed_cost, variable_cost, Speed, Capacity, alpha, beta, max_time, max_drive_time
           0           0        1.50          80        3200        2400        2800       54000       22000
           1           0        2.20          50        7000        6000        6200       54000       32400

[Number of Vehicle Types] - ID_veh_type, ID_depot, number_of_vehicles
           0           0          26
           1           0          12
           0           1          26
           1           1          12

[Scheduled Lines] - ID_from, ID_to, cost_per_req, capacity, dep_time, arr_time
           0           1        0.01        7000        5268        6368
           0           1        0.01        7000        8657        9757
           0           1        0.01        7000       21597       22697
           0           1        0.01        7000       56383       57483
           0           1        0.01        7000       60541       61641
           0           1        0.01        7000       73300       74400
           1           0        0.01        7000        6362        7462
           1           0        0.01        7000        8879        9979
           1           0        0.01        7000       20876       21976
           1           0        0.01        7000       53773       54873
           1           0        0.01        7000       62523       63623
           1           0        0.01        7000       75163       76263

[Nodes/requests]: ID_node, ID_depot, lat, long, type, service_time, q_del, q_col, tw_depot_start, tw_depot_end, tw_cust_start, tw_cust_end
           0           0      52.119       5.250       depot           0           0           0           0       86400           0       86400
           1           1      52.173       5.094       depot           0           0           0           0       86400           0       86400
           2           0      52.143       5.190     collect         960           0         223           0       74174       34600       64800
           3           0      52.081       5.142     collect        1200           0         173           0       78209       37520       64800
           4           0      52.185       4.954     collect        1080           0        1028           0       84556       41917       64800
           5           1      52.116       4.825  distribute         840         631           0          74       86400       26110       64800
           6           1      52.168       5.226     collect        1200           0         667           0       73011       28647       64800
           7           0      52.094       4.993     collect         600           0         265           0       66581       42196       64800
           8           0      52.216       4.888     collect         600           0         616           0       85759       29924       64800
           9           0      52.050       5.361     collect         960           0        1164           0       83823       39726       64800
          10           0      52.100       5.429     collect         720           0         301           0       76308       26364       64800
          11           1      52.148       5.286     collect        1080           0         362           0       85354       38729       64800
          12           0      52.111       5.421  distribute        1920        1284           0       15474       86400       33571       64800
          13           0      52.177       5.434  distribute         840        1101           0        9265       86400       31185       64800
          14           0      52.060       5.013     collect        1440           0        5792           0       65946       32299       64800
          15           1      52.031       5.344     collect        2160           0        3321           0       85961       41553       64800
          16           1      52.144       5.319  distribute         720        1213           0       18801       86400       33177       64800
          17           1      52.037       5.117     collect         960           0        1283           0       75462       34396       64800
          18           1      52.073       5.105     collect        1200           0         134           0       65556       32692       64800
          19           1      52.045       5.231     collect         600           0         407           0       79093       43988       54631
          20           0      52.105       4.923     collect         600           0        1316           0       73744       39054       64800
          21           0      52.113       4.923     collect         600           0         237           0       73175       29258       64800
          22           0      52.158       4.857  distribute         720         613           0       29401       86400       36016       64800
          23           0      52.163       5.306     collect         840           0        1287           0       83381       40121       64800
          24           0      52.020       5.375     collect         720           0         699           0       72555       42292       64800
          25           1      52.237       4.828  distribute         600         896           0        9134       86400       26983       64800
          26           1      52.218       5.378     collect         720           0         822           0       81714       30444       64800
          27           1      52.035       4.981  distribute        2160        2265           0       23981       86400       32606       64800
          28           1      52.168       4.849  distribute        1200         959           0        5925       86400       36130       64800
          29           0      52.023       5.168  distribute         600        1066           0        1084       86400       39205       64800
          30           1      52.176       4.942  distribute        1200         654           0        1661       86400       29048       64800
          31           0      52.181       4.907  distribute        1320         154           0       13056       86400       46552       55445
          32           0      52.184       4.853  distribute         600        1083           0        9320       86400       32814       64800
          33           0      52.188       5.309     collect         960           0        1408           0       71901       25989       64800
          34           1      52.119       4.830     collect        1800           0        4224           0       74590       26838       64800
          35           0      52.043       4.885     collect        1200           0        1491           0       67665       39472       64800
          36           1      52.097       5.224     collect         720           0         949           0       76161       41997       64800
          37           1      52.143       4.945  distribute        1200        1206           0       35054       86400       36457       64800
          38           1      52.114       4.928     collect        1200           0         386           0       70241       26380       64800
          39           1      52.018       5.098     collect         720           0        1217           0       73638       35439       64800
          40           0      52.091       4.959  distribute         720        1225           0        9305       86400       31237       64800
          41           1      52.131       5.413  distribute         960        1408           0       34213       86400       35637       64800
          42           1      52.064       5.166     collect        2280           0        2514           0       76889       50634       54400
          43           0      52.029       5.298     collect        1080           0        1202           0       67027       37395       64800
          44           1      52.017       5.398  distribute         600         272           0        8003       86400       30324       64800
          45           0      52.081       5.007     collect         840           0        1252           0       82930       25944       64800
          46           1      52.056       5.092  distribute         720         469           0       10367       86400       35477       64800
          47           0      51.979       5.083     collect        2160           0        1190           0       76664       39811       64800
          48           1      51.991       5.041  distribute         840          81           0        4221       86400       28484       64800
          49           1      52.180       5.059  distribute        1320        2438           0       23759       86400       32435       64800
          50           0      51.982       4.882  distribute        2280        2728           0       41533       86400       42942       64800
          51           0      52.016       5.329  distribute        1200         440           0       20910       86400       40095       64800
          52           0      52.032       5.253     collect         600           0         421           0       79675       43044       64800
          53           1      52.181       4.984  distribute        2280         228           0        7228       86400       31272       64800
          54           1      52.066       5.211     collect         600           0         772           0       71944       27968       64800
          55           1      52.215       4.956  distribute        1200         273           0       10716       86400       34089       64800
          56           1      52.045       4.960     collect         720           0         836           0       69251       40344       64800
          57           0      52.043       5.299  distribute         840         564           0       31019       86400       41171       44702
          58           0      52.201       4.893  distribute         600         753           0       17439       86400       36602       64800
          59           0      52.226       5.125     collect         960           0         419           0       69403       30605       64800
          60           0      52.085       5.094  distribute         720         368           0       33969       86400       39512       64800
          61           0      52.065       4.827     collect         720           0        1330           0       79015       26115       64800
          62           1      52.179       4.982  distribute         720        1158           0       27467       86400       37989       64800
          63           0      52.108       5.087     collect        1080           0         183           0       41118       27944       36383
          64           1      52.197       5.318  distribute        1440          72           0       33897       86400       41289       55196
          65           1      52.025       4.890     collect        1200           0        1335           0       81311       43518       50487
          66           0      52.019       5.436  distribute         960         187           0       22842       86400       27035       64800
          67           1      52.040       5.100  distribute        2160         451           0       34842       86400       39582       64800
          68           0      52.017       5.408  distribute        1080         650           0       24871       86400       37748       64800
          69           1      52.218       5.282     collect         600           0         967           0       73720       38041       64800
          70           1      52.184       5.074     collect         840           0        1214           0       66462       39082       64800
          71           0      51.999       5.216  distribute         720          60           0       31629       86400       36138       64800
          72           1      52.012       5.090  distribute         960        1466           0       18150       86400       37151       44226
          73           0      52.172       5.429     collect         720           0         417           0       79373       41326       64800
          74           1      52.167       4.846     collect         600           0         449           0       85997       36803       64800
          75           1      52.033       5.354     collect         960           0        1010           0       85116       31977       64800
          76           0      52.040       5.152     collect        1920           0        2166           0       71660       30724       64800
          77           1      52.211       5.308  distribute         720         178           0       12443       86400       29124       64800
          78           0      52.216       5.210     collect         600           0         791           0       68325       36504       64800
          79           1      52.119       5.098     collect         960           0         634           0       79611       36089       64800
          80           1      52.219       5.390     collect         840           0         274           0       69482       36744       64800
          81           0      52.139       5.100  distribute         600         721           0       17689       86400       30371       64800
          82           0      52.167       5.147     collect        2040           0        2954           0       75865       34810       64800
          83           0      52.236       5.429     collect         840           0         858           0       79018       30935       64800
          84           0      52.234       5.006     collect        2400           0          95           0       67138       37634       64800
          85           0      52.053       4.908  distribute        1080         511           0        7067       86400       38478       64800
          86           0      52.124       5.095  distribute        2400         508           0       24271       86400       28950       42966
          87           0      52.180       4.995  distribute        1200         896           0       19862       86400       38048       64800
          88           0      52.069       5.187     collect        1560           0        5208           0       73170       40372       64800
          89           1      52.057       5.069     collect        1560           0        4140           0       74982       41268       64800
          90           0      52.063       4.930     collect         720           0         268           0       67525       27220       64800
          91           1      52.113       5.402  distribute        1200         790           0        2628       86400       29372       64800
          92           0      52.143       4.879  distribute        1320        2396           0       31308       86400       43085       64800
          93           0      52.007       4.930     collect         960           0         857           0       81962       36345       64800
          94           1      52.055       5.116  distribute        1800        2690           0       14739       86400       28764       64800
          95           0      52.214       5.383  distribute        2280         556           0        2583       86400       34915       64800
          96           1      52.128       4.818     collect         960           0        1219           0       66011       35535       64800
          97           0      52.085       4.863  distribute        1920        1307           0        4481       86400       35329       64800
          98           0      52.147       5.237     collect        1200           0        1292           0       74219       39576       64800
          99           0      52.054       5.124     collect         960           0        1272           0       69974       41226       64800
         100           0      52.157       4.866     collect        1200           0         317           0       83389       39873       64800
         101           0      52.206       5.213     collect         600           0         334           0       83435       29475       64800
         102           1      52.062       5.182     collect         720           0        1274           0       70050       29865       64800
         103           0      52.074       4.854     collect        1080           0        1215           0       74806       28082       64800
         104           1      51.985       5.016     collect        1080           0        1170           0       81628       26447       64800
         105           0      52.149       5.129  distribute        1200        1270           0       16515       86400       36586       64800
         106           1      52.068       5.143     collect         600           0         515           0       65919       34135       64800
         107           1      52.152       5.131  distribute        1200        1172           0        1161       86400       26867       64800
         108           1      52.138       5.219     collect         960           0        1474           0       75353       27198       64800
         109           0      51.982       4.999     collect         600           0         461           0       80229       47265       55169
         110           0      52.130       5.021     collect        1080           0         438           0       77868       41252       64800
         111           1      52.176       5.264  distribute        1680         258           0        2222       86400       46295       50117
         112           1      52.091       5.231  distribute         600        1083           0       11652       86400       31956       64800
         113           0      52.113       5.164  distribute         720        1302           0        2509       86400       31011       36169
         114           0      52.080       4.884  distribute        1080         755           0        3049       86400       35223       64800
         115           1      52.001       5.355     collect        1320           0         459           0       70839       31806       64800
         116           1      52.165       5.383     collect         840           0         451           0       76365       30775       64800
         117           1      52.102       5.347     collect        2280           0        1231           0       76066       42539       64800
         118           1      52.183       5.330     collect         720           0        1034           0       68529       37768       64800
         119           0      52.153       4.861     collect         720           0         251           0       79101       39201       64800
         120           0      52.190       5.046  distribute        2400        2596           0       19911       86400       25826       64800
         121           1      52.099       5.292  distribute         600         789           0       27625       86400       31518       64800
         122           1      51.985       5.435     collect        1080           0         728           0       85341       26503       64800
         123           0      52.043       5.430  distribute        1200        1399           0       15360       86400       36922       64800
         124           0      52.050       4.964     collect        1200           0         706           0       77194       31709       64800
         125           0      52.023       5.340  distribute         840        1029           0        7864       86400       28270       64800
         126           0      52.240       5.145     collect         840           0         854           0       73957       39573       64800
         127           0      52.150       5.081     collect        2160           0         392           0       76888       40745       64800
         128           0      52.220       5.265     collect         840           0        1265           0       67339       38498       64800
         129           1      52.087       5.251  distribute        2400        1680           0        3661       86400       37377       64800
         130           0      52.134       5.119     collect        1080           0        1455           0       72611       42597       64800
         131           1      52.214       5.284  distribute        1080        1269           0        9456       86400       43156       64800
         132           1      52.225       5.372  distribute         840         681           0        8787       86400       33116       64800
         133           0      52.146       4.963  distribute        1200        1427           0       21239       86400       31913       64800
         134           0      52.063       5.067  distribute        1080        1234           0       23014       86400       39628       64800
         135           0      52.201       5.310     collect        1320           0        5460           0       70936       42797       64800
         136           0      52.161       5.243     collect         960           0        1041           0       76057       57299       63408
         137           0      52.034       5.310     collect        1200           0         371           0       81443       34719       64800
         138           0      52.085       4.860     collect        1080           0        1433           0       68920       25647       64800
         139           1      52.045       5.221     collect         600           0         362           0       76339       33158       64800
         140           0      52.051       4.842     collect         840           0         379           0       67911       28690       64800
         141           0      52.172       5.430     collect         960           0         238           0       81507       26223       64800
         142           1      52.027       5.234  distribute         600         890           0       29997       86400       34321       64800
         143           0      52.021       5.311  distribute         960        1180           0       22625       86400       37163       64800
         144           1      52.085       4.924  distribute        2160        1914           0       27236       86400       55617       59264
         145           0      51.983       5.409     collect         840           0        1456           0       81468       28483       64800
         146           0      52.099       5.381  distribute        1200        2698           0       54978       86400       57383       62812
         147           0      52.075       5.368  distribute         720         484           0        3278       86400       37477       64800
         148           0      51.998       5.187     collect        1200           0         887           0       67474       34245       64800
         149           1      52.124       4.893  distribute        1680        2432           0       12578       86400       36243       64800
         150           1      52.013       5.395     collect        1560           0        5004           0       85218       27100       64800
         151           1      52.114       5.052  distribute        1080         322           0       32299       86400       36555       64800
         152           1      52.161       5.130     collect         600           0         602           0       75856       33036       64800
         153           0      52.162       4.885  distribute         600        1130           0       19097       86400       26138       64800
         154           0      52.199       4.975     collect         720           0         649           0       82242       33333       64800
         155           0      52.116       5.307  distribute         960         127           0       31618       86400       36099       40831
         156           0      52.223       5.280  distribute         840         562           0        4097       86400       28592       64800
         157           1      52.094       4.893     collect        1200           0        1255           0       81338       31377       64800
         158           0      52.083       5.026  distribute        1200         555           0       19817       86400       25293       64800
         159           1      52.126       5.125     collect        1200           0         311           0       65577       39210       64800
         160           1      52.195       5.165  distribute         720         813           0       25732       86400       27296       64800
         161           0      52.152       4.851  distribute         720         869           0        1873       86400       26413       64800
         162           0      52.074       5.141  distribute         720         713           0       29127       86400       42048       64800
         163           0      52.062       5.165     collect        2400           0         340           0       82231       35566       64800
         164           1      52.172       5.041     collect        2400           0         834           0       65898       37766       64800
         165           1      52.207       5.419  distribute         600        1402           0       16463       86400       27456       37947
         166           1      52.118       5.255     collect         960           0         857           0       72350       27938       64800
         167           0      51.983       5.234     collect         600           0        1245           0       73156       37643       64800
         168           0      51.990       5.087     collect        1560           0        5164           0       67800       27191       64800
         169           1      52.190       4.890     collect         840           0         377           0       71744       27065       64800
         170           1      52.051       5.428     collect         600           0        1122           0       82223       38211       64800
         171           1      52.111       5.240     collect        1200           0        1049           0       78515       43058       64800
         172           1      52.034       5.196  distribute         720         203           0       25420       86400       36500       64800
         173           0      52.210       5.432     collect         720           0         132           0       78598       35394       64800
         174           1      52.056       4.910     collect         600           0         786           0       66066       35827       64800
         175           0      52.194       5.346     collect         960           0         731           0       73125       36120       64800
         176           0      52.234       5.167     collect         840           0         223           0       72995       36457       46547
         177           0      52.192       5.220  distribute        1080        1428           0       18173       86400       30701       64800
         178           0      52.098       5.062     collect        1080           0         150           0       75902       30866       64800
         179           1      52.162       4.901     collect         720           0        1160           0       70140       38867       64800
         180           1      52.172       5.312     collect        1080           0         257           0       74618       38323       64800
         181           0      52.176       5.261     collect        1800           0        1413           0       73619       30598       64800
         182           0      52.065       5.302     collect        1080           0         887           0       74873       34197       64800
         183           0      52.080       5.327     collect         840           0        1261           0       71660       39755       64800
         184           0      52.112       4.940     collect        1200           0        1161           0       73800       42990       64800
         185           1      52.051       5.333     collect         720           0         265           0       78696       38191       64800
         186           1      52.219       5.157  distribute         840        1080           0       16918       86400       52518       65181
         187           0      52.047       5.250     collect         600           0         806           0       59561       35095       41573
         188           1      52.124       5.444     collect         840           0         918           0       78818       26687       64800
         189           0      52.133       4.900     collect         720           0        1470           0       84429       28057       64800
         190           1      52.062       4.896     collect        1080           0        1017           0       72200       30151       64800
         191           1      52.060       4.900     collect         720           0        1266           0       66963       36793       64800
         192           1      52.056       5.320  distribute        2040         500           0        1864       86400       26180       64800
         193           0      51.987       4.991  distribute        1320        1104           0       12267       86400       40502       64800
         194           0      52.014       4.822  distribute         840        1304           0       15104       86400       32819       64800
         195           1      52.203       5.257  distribute        1200        1300           0       29751       86400       36397       64800
         196           1      52.131       5.009     collect         720           0        1273           0       79702       33835       64800
         197           0      52.072       5.389     collect        1080           0         518           0       83318       27581       64800
         198           1      52.026       5.118  distribute         840         372           0       28266       86400       37233       64800
         199           1      52.051       5.177     collect        1680           0        3560           0       78230       28560       64800
         200           0      52.241       5.145     collect        1320           0        1716           0       65758       42618       64800
         201           1      52.040       5.025  distribute        1920        5572           0        8476       86400       39976       64800