T_2_6_60_[1] 2 4 12 62

[Vehicle Types] - ID_veh_type, fixed_cost, variable_cost, Speed, Capacity, alpha, beta, max_time, max_drive_time
           0           0        1.50          80        3200        2400        2800       54000       22000
           1           0        2.20          50        7000        6000        6200       54000       32400

[Number of Vehicle Types] - ID_veh_type, ID_depot, number_of_vehicles
           0           0           8
           1           0           4
           0           1           8
           1           1           4

[Scheduled Lines] - ID_from, ID_to, cost_per_req, capacity, dep_time, arr_time
           0           1        0.01        7000        8271        9951
           0           1        0.01        7000       12383       14063
           0           1        0.01        7000       18831       20511
           0           1        0.01        7000       52436       54116
           0           1        0.01        7000       64778       66458
           0           1        0.01        7000       76897       78577
           1           0        0.01        7000        5876        7556
           1           0        0.01        7000       15911       17591
           1           0        0.01        7000       23470       25150
           1           0        0.01        7000       52393       54073
           1           0        0.01        7000       64145       65825
           1           0        0.01        7000       69375       71055

[Nodes/requests]: ID_node, ID_depot, lat, long, type, service_time, q_del, q_col, tw_depot_start, tw_depot_end, tw_cust_start, tw_cust_end
           0           0      52.063       5.106       depot           0           0           0           0       86400           0       86400
           1           1      52.106       4.842       depot           0           0           0           0       86400           0       86400
           2           0      52.006       5.217  distribute        1920        4136           0        4247       86400       57499       65637
           3           0      52.035       5.408     collect        1080           0         433           0       80172       38436       64800
           4           1      52.093       4.839     collect        1080           0        1284           0       81146       29633       64800
           5           1      52.236       5.241     collect        1200           0         259           0       85477       39331       64800
           6           0      52.106       5.146     collect         960           0         596           0       67781       39430       64800
           7           0      52.183       5.446  distribute         720        1209           0       16047       86400       35644       64800
           8           1      52.155       5.024  distribute         840         540           0       21951       86400       31764       64800
           9           1      52.196       5.323  distribute         960        1019           0       35905       86400       41243       64800
          10           0      51.977       4.899     collect        1080           0        1357           0       79380       39523       64800
          11           1      52.090       4.864     collect         720           0         237           0       68989       33652       64800
          12           1      52.005       5.404  distribute         960         590           0        1394       86400       27690       64800
          13           1      52.121       4.941  distribute         840         518           0        5655       86400       32723       64800
          14           0      52.095       4.938     collect         720           0         765           0       74187       31774       64800
          15           1      52.046       5.417     collect         840           0         618           0       86066       37448       64800
          16           1      52.000       5.313     collect         840           0         368           0       70124       36260       64800
          17           0      51.993       4.989     collect        1200           0         750           0       82584       32861       64800
          18           0      52.091       5.252     collect         840           0        1157           0       84792       27143       64800
          19           1      52.161       5.313  distribute         600        1463           0       18348       86400       31235       37801
          20           0      52.189       5.167  distribute        1200        1395           0        4488       86400       28470       64800
          21           1      52.171       4.911     collect         600           0        1381           0       79353       37414       64800
          22           1      52.217       5.308  distribute         720         733           0       30699       86400       39482       49144
          23           1      52.118       5.145  distribute         720        1398           0       32387       86400       41072       64800
          24           0      52.196       5.314     collect         600           0        1127           0       70977       37233       64800
          25           0      52.028       5.134     collect        1200           0         204           0       81885       37668       64800
          26           1      52.057       5.315     collect         960           0        1090           0       68777       27693       64800
          27           0      52.130       5.363     collect         600           0         537           0       77385       26297       64800
          28           0      52.079       5.279  distribute        1080        1368           0        3761       86400       36841       47390
          29           1      52.215       5.164     collect        1200           0         977           0       83107       42120       64800
          30           1      52.139       5.110  distribute         840         239           0        4377       86400       32305       64800
          31           0      52.174       5.088  distribute         600        1327           0       29584       86400       36791       64800
          32           0      52.230       5.174     collect         600           0         922           0       79610       42338       64800
          33           1      52.115       5.093  distribute         840         956           0       11815       86400       31127       64800
          34           0      52.230       5.415     collect         600           0        1384           0       67593       40951       64800
          35           1      52.135       5.347     collect        1080           0         430           0       78911       27077       64800
          36           0      51.984       5.322     collect         960           0         981           0       85317       35210       64800
          37           1      52.223       4.935     collect         960           0          75           0       81388       34207       64800
          38           0      52.214       5.036     collect        2040           0        1246           0       71305       35982       64800
          39           1      52.069       4.831  distribute         960         631           0       14396       86400       35594       64800
          40           1      52.113       4.930     collect        2400           0        2280           0       75943       42235       64800
          41           0      52.006       5.080     collect         720           0        1258           0       73878       30558       64800
          42           1      52.094       4.869     collect         720           0        1054           0       79986       33816       64800
          43           0      52.079       5.022  distribute         600         920           0        2370       86400       39958       64800
          44           1      52.227       5.058  distribute        1200         843           0        5482       86400       39735       64800
          45           0      52.206       5.171     collect        1080           0         124           0       75244       41231       64800
          46           1      52.049       5.062  distribute         840        1465           0       15423       86400       28728       64800
          47           1      52.198       5.246     collect         720           0        1226           0       69460       32458       64800
          48           1      52.120       5.136  distribute        1320        1383           0       20921       86400       35239       64800
          49           0      52.095       5.006  distribute         720         676           0       24677       86400       43195       64800
          50           0      51.991       5.274     collect        2040           0        3033           0       79818       33701       38696
          51           0      51.991       5.008     collect        1320           0         980           0       76887       41278       64800
          52           0      52.019       4.853  distribute         720        1193           0        5233       86400       31909       64800
          53           1      52.127       5.118  distribute         600         622           0       16892       86400       37190       64800
          54           1      52.206       5.182  distribute        1680        3417           0        4035       86400       40800       64800
          55           0      51.997       4.856     collect         840           0         567           0       81885       41606       64800
          56           1      52.163       5.162     collect        1200           0         518           0       69460       32232       64800
          57           0      52.137       4.818  distribute         720         173           0       22842       86400       32971       64800
          58           0      52.091       5.266     collect         840           0          88           0       78184       35673       64800
          59           0      52.174       5.098  distribute        2400        1253           0       38797       86400       43169       64800
          60           1      52.237       5.343     collect        1200           0         423           0       71478       25383       64800
          61           1      52.033       4.877     collect         960           0         184           0       67940       52820       60777