T_2_6_20_[2] 2 4 12 22

[Vehicle Types] - ID_veh_type, fixed_cost, variable_cost, Speed, Capacity, alpha, beta, max_time, max_drive_time
           0           0        1.50          80        3200        2400        2800       54000       22000
           1           0        2.20          50        7000        6000        6200       54000       32400

[Number of Vehicle Types] - ID_veh_type, ID_depot, number_of_vehicles
           0           0           3
           1           0           2
           0           1           3
           1           1           2

[Scheduled Lines] - ID_from, ID_to, cost_per_req, capacity, dep_time, arr_time
           0           1        0.01        7000        5544        9095
           0           1        0.01        7000       12979       16530
           0           1        0.01        7000       17593       21144
           0           1        0.01        7000       59305       62856
           0           1        0.01        7000       63874       67425
           0           1        0.01        7000       76129       79680
           1           0        0.01        7000        7620       11171
           1           0        0.01        7000       17014       20565
           1           0        0.01        7000       18708       22259
           1           0        0.01        7000       53951       57502
           1           0        0.01        7000       63046       66597
           1           0        0.01        7000       72651       76202

[Nodes/requests]: ID_node, ID_depot, lat, long, type, service_time, q_del, q_col, tw_depot_start, tw_depot_end, tw_cust_start, tw_cust_end
           0           0      52.172       5.416       depot           0           0           0           0       86400           0       86400
           1           1      52.024       4.891       depot           0           0           0           0       86400           0       86400
           2           1      52.152       5.396     collect        1080           0        1401           0       69192       37271       64800
           3           0      52.231       4.835     collect         840           0         323           0       68682       34267       64800
           4           0      52.236       5.432  distribute        1080          50           0       26540       86400       34832       64800
           5           1      52.114       5.051     collect        1200           0        1495           0       84773       31297       64800
           6           0      52.114       5.381     collect        2400           0         961           0       84361       45968       58249
           7           0      51.986       5.352  distribute         600         708           0       13750       86400       31641       64800
           8           0      52.138       5.060  distribute         960        1254           0        2616       86400       30102       64800
           9           0      52.060       5.055     collect        2040           0        2208           0       82039       32066       64800
          10           1      52.132       4.984  distribute         840        1453           0       21007       86400       31690       64800
          11           0      52.004       5.275  distribute        1920         463           0        8865       86400       28477       64800
          12           0      52.043       5.328  distribute        1200         768           0       22584       86400       35096       64800
          13           1      52.111       4.880  distribute         600        1090           0         367       86400       41134       64800
          14           0      52.072       5.072     collect         840           0         627           0       80773       30803       64800
          15           1      52.154       5.385  distribute         960          71           0        7116       86400       41936       64800
          16           1      52.070       5.257     collect         960           0        1300           0       69183       34086       64800
          17           1      52.052       5.072     collect        1800           0         354           0       64626       42279       54156
          18           1      52.134       5.385     collect         720           0         837           0       78625       57339       66735
          19           1      52.213       5.092     collect        1320           0        5360           0       82345       32263       64800
          20           0      52.156       5.087  distribute        2400        4284           0       14350       86400       32925       64800
          21           1      51.983       4.938     collect        1200           0         344           0       84836       48299       55318