T_2_6_15_[1] 2 4 12 17

[Vehicle Types] - ID_veh_type, fixed_cost, variable_cost, Speed, Capacity, alpha, beta, max_time, max_drive_time
           0           0        1.50          80        3200        2400        2800       54000       22000
           1           0        2.20          50        7000        6000        6200       54000       32400

[Number of Vehicle Types] - ID_veh_type, ID_depot, number_of_vehicles
           0           0           3
           1           0           1
           0           1           3
           1           1           1

[Scheduled Lines] - ID_from, ID_to, cost_per_req, capacity, dep_time, arr_time
           0           1        0.01        7000        8441        9932
           0           1        0.01        7000       15852       17343
           0           1        0.01        7000       17771       19262
           0           1        0.01        7000       59139       60630
           0           1        0.01        7000       64186       65677
           0           1        0.01        7000       75923       77414
           1           0        0.01        7000        5616        7107
           1           0        0.01        7000       15988       17479
           1           0        0.01        7000       20116       21607
           1           0        0.01        7000       53745       55236
           1           0        0.01        7000       60904       62395
           1           0        0.01        7000       74617       76108

[Nodes/requests]: ID_node, ID_depot, lat, long, type, service_time, q_del, q_col, tw_depot_start, tw_depot_end, tw_cust_start, tw_cust_end
           0           0      52.120       5.216       depot           0           0           0           0       86400           0       86400
           1           1      52.007       5.374       depot           0           0           0           0       86400           0       86400
           2           1      52.109       5.436  distribute        1200         376           0       15678       86400       33095       64800
           3           0      52.145       5.234  distribute         600        1316           0        9376       86400       31723       42877
           4           0      51.977       5.012  distribute        1080         150           0       41750       86400       47884       51307
           5           1      52.215       4.912     collect        1200           0         817           0       69645       33782       64800
           6           1      52.000       5.401  distribute         600         523           0        2416       86400       26372       64800
           7           0      52.091       5.050     collect         600           0         947           0       79021       26823       64800
           8           0      52.177       5.227     collect        1080           0         978           0       79814       27535       64800
           9           0      52.039       5.106  distribute         960         267           0       21265       86400       37483       64800
          10           0      52.057       5.432  distribute         720         307           0       12253       86400       31064       64800
          11           0      52.161       5.237  distribute         720        1230           0        9855       86400       32630       64800
          12           1      51.978       5.211  distribute         840         292           0       29205       86400       32564       64800
          13           1      51.986       4.841  distribute        1080         543           0       26510       86400       35639       64800
          14           0      52.136       4.992     collect         720           0        1353           0       54632       31515       44518
          15           1      52.015       5.409  distribute         720         164           0       18915       86400       32782       64800
          16           0      52.057       4.915     collect         960           0        1036           0       53279       41227       51007