T_2_6_25_[0] 2 4 12 27

[Vehicle Types] - ID_veh_type, fixed_cost, variable_cost, Speed, Capacity, alpha, beta, max_time, max_drive_time
           0           0        1.50          80        3200        2400        2800       54000       22000
           1           0        2.20          50        7000        6000        6200       54000       32400

[Number of Vehicle Types] - ID_veh_type, ID_depot, number_of_vehicles
           0           0           4
           1           0           2
           0           1           4
           1           1           2

[Scheduled Lines] - ID_from, ID_to, cost_per_req, capacity, dep_time, arr_time
           0           1        0.01        7000        4386        6334
           0           1        0.01        7000       16628       18576
           0           1        0.01        7000       24681       26629
           0           1        0.01        7000       54527       56475
           0           1        0.01        7000       63463       65411
           0           1        0.01        7000       75274       77222
           1           0        0.01        7000        2241        4189
           1           0        0.01        7000        9271       11219
           1           0        0.01        7000       17416       19364
           1           0        0.01        7000       56948       58896
           1           0        0.01        7000       67435       69383
           1           0        0.01        7000       69248       71196

[Nodes/requests]: ID_node, ID_depot, lat, long, type, service_time, q_del, q_col, tw_depot_start, tw_depot_end, tw_cust_start, tw_cust_end
           0           0      51.980       4.965       depot           0           0           0           0       86400           0       86400
           1           1      52.109       5.202       depot           0           0           0           0       86400           0       86400
           2           0      52.140       5.161     collect         720           0         324           0       84989       40937       64800
           3           0      52.191       5.151  distribute        1560        1320           0       20639       86400       26117       64800
           4           0      52.071       5.025     collect         600           0         156           0       82108       36472       64800
           5           1      52.152       4.878  distribute         960         966           0       18333       86400       39482       64800
           6           1      52.120       5.004  distribute         960        1187           0       21635       86400       43096       64800
           7           0      52.228       5.257  distribute         720         410           0       10707       86400       40907       64800
           8           1      52.135       5.341     collect         720           0        1032           0       85040       33423       64800
           9           1      52.052       5.270     collect         720           0         729           0       68664       31871       64800
          10           1      51.983       5.253     collect        1080           0         162           0       83409       34384       64800
          11           0      52.090       5.088     collect         840           0         499           0       74621       33156       64800
          12           1      52.088       4.831     collect         840           0        1363           0       71396       25642       64800
          13           0      51.993       5.030  distribute         600         219           0       13100       86400       36379       64800
          14           1      52.156       5.248  distribute        1200        1371           0       24262       86400       39601       64800
          15           1      52.141       5.091  distribute        1200        1162           0       10971       86400       38332       50779
          16           1      51.977       5.414  distribute        1200         723           0       24277       86400       26748       64800
          17           0      51.996       5.272     collect         840           0        1153           0       77799       27694       64800
          18           1      52.121       5.395  distribute         720         828           0        1902       86400       38705       64800
          19           0      52.193       4.821  distribute         960         472           0       14408       86400       26092       64800
          20           0      52.208       5.085  distribute         720         201           0         718       86400       27946       64800
          21           0      52.238       5.351  distribute         720        1272           0        4829       86400       41542       64800
          22           0      52.144       4.956     collect         840           0        1254           0       75870       42755       64800
          23           0      52.096       5.109     collect         840           0        1275           0       72693       28010       64800
          24           1      52.040       5.254  distribute        1920        1420           0       10883       86400       28713       64800
          25           0      52.231       5.040  distribute         840        1037           0        3593       86400       30820       64800
          26           1      52.010       5.431  distribute        1080         424           0          98       86400       32543       64800