T_2_6_85_[2] 2 4 12 87

[Vehicle Types] - ID_veh_type, fixed_cost, variable_cost, Speed, Capacity, alpha, beta, max_time, max_drive_time
           0           0        1.50          80        3200        2400        2800       54000       22000
           1           0        2.20          50        7000        6000        6200       54000       32400

[Number of Vehicle Types] - ID_veh_type, ID_depot, number_of_vehicles
           0           0          10
           1           0           5
           0           1          10
           1           1           5

[Scheduled Lines] - ID_from, ID_to, cost_per_req, capacity, dep_time, arr_time
           0           1        0.01        7000        6264        7476
           0           1        0.01        7000       15498       16710
           0           1        0.01        7000       22036       23248
           0           1        0.01        7000       59061       60273
           0           1        0.01        7000       63373       64585
           0           1        0.01        7000       77628       78840
           1           0        0.01        7000        5623        6835
           1           0        0.01        7000       12936       14148
           1           0        0.01        7000       21654       22866
           1           0        0.01        7000       52792       54004
           1           0        0.01        7000       62271       63483
           1           0        0.01        7000       72691       73903

[Nodes/requests]: ID_node, ID_depot, lat, long, type, service_time, q_del, q_col, tw_depot_start, tw_depot_end, tw_cust_start, tw_cust_end
           0           0      52.076       5.174       depot           0           0           0           0       86400           0       86400
           1           1      52.185       5.260       depot           0           0           0           0       86400           0       86400
           2           0      52.095       4.941  distribute        1200        5144           0       19444       86400       26747       64800
           3           1      52.155       4.944     collect        1080           0         102           0       83354       28120       64800
           4           0      52.183       4.846     collect         720           0        1058           0       71792       30316       64800
           5           0      52.094       5.248  distribute         600         114           0       27806       86400       33777       64800
           6           1      52.208       4.911     collect         840           0         726           0       86380       39944       64800
           7           1      52.140       4.928     collect         720           0         378           0       74197       26871       64800
           8           0      52.097       5.189     collect         960           0         421           0       80239       56999       68637
           9           1      52.108       5.213  distribute         840         710           0       21966       86400       35539       64800
          10           0      52.190       4.832  distribute        1200         723           0       12064       86400       29063       64800
          11           1      52.151       5.231     collect        2040           0        1968           0       80416       42345       64800
          12           1      52.069       5.036  distribute         840        1159           0       24903       86400       42409       64800
          13           0      52.013       5.232  distribute         720         519           0       10151       86400       28997       64800
          14           0      52.120       5.077     collect         720           0         616           0       70874       39546       64800
          15           0      51.989       5.347  distribute         840          56           0       17030       86400       32833       64800
          16           0      52.148       5.258     collect         840           0        1197           0       67524       42097       64800
          17           0      52.118       5.218     collect        1080           0         100           0       77388       37243       64800
          18           1      52.169       4.892  distribute         720         225           0        2511       86400       40854       64800
          19           0      52.141       5.243  distribute         960         781           0       22195       86400       35289       64800
          20           1      52.046       5.349  distribute        2280        2838           0        6037       86400       37981       64800
          21           1      52.081       5.307     collect         720           0         194           0       75334       25380       64800
          22           0      52.210       5.250     collect        1680           0        1734           0       84434       27635       64800
          23           0      52.239       5.167  distribute         960        1019           0        3888       86400       39905       64800
          24           0      52.129       4.839     collect         960           0          90           0       83279       25335       64800
          25           0      52.094       4.968     collect         600           0        1251           0       65833       55263       62027
          26           0      52.231       5.003     collect        1080           0         759           0       69254       41961       64800
          27           0      52.165       5.371     collect        1080           0        1065           0       67555       28198       64800
          28           0      52.105       4.845  distribute         960        1203           0        8694       86400       42617       64800
          29           1      52.086       4.864     collect        1080           0         551           0       82866       34806       64800
          30           0      52.152       5.257     collect        2040           0         620           0       77852       31997       64800
          31           1      51.996       5.381     collect         720           0        1016           0       79141       45198       59133
          32           1      52.064       5.422  distribute        1440        4098           0       17310       86400       33129       64800
          33           0      52.196       5.274  distribute        2160        2811           0       24725       86400       28645       64800
          34           0      52.133       4.874     collect         600           0         542           0       74398       40043       64800
          35           0      52.137       5.187     collect         960           0         379           0       86369       33086       64800
          36           1      52.037       4.812     collect        1200           0         701           0       58784       45805       55749
          37           1      51.999       5.231     collect        1080           0         999           0       70191       36191       64800
          38           1      52.217       4.839  distribute        1080        1432           0        6653       86400       39107       46135
          39           1      52.033       4.863  distribute        1320        1670           0       19538       86400       33610       64800
          40           0      52.222       4.907     collect         600           0          67           0       82039       26984       64800
          41           0      52.067       4.880  distribute         600        1383           0       33651       86400       37576       64800
          42           0      52.186       5.246  distribute         840         876           0       15564       86400       32408       64800
          43           1      52.045       5.142     collect         840           0         749           0       67701       29321       64800
          44           0      52.124       5.074  distribute        1200         990           0        6346       86400       41431       64800
          45           1      52.154       5.262  distribute         840        1190           0       16679       86400       25699       64800
          46           0      52.229       4.869  distribute         600         946           0       10090       86400       30479       64800
          47           1      52.129       5.202  distribute         840         527           0        2373       86400       29153       64800
          48           0      52.022       4.917  distribute         840         185           0        7670       86400       39778       64800
          49           1      52.034       4.961     collect         720           0         885           0       78591       37502       64800
          50           1      52.099       5.415  distribute         720         521           0       18404       86400       32462       43913
          51           1      52.141       5.300     collect         840           0         435           0       79230       26837       64800
          52           0      52.111       4.973     collect         960           0        1256           0       86167       26242       64800
          53           0      52.211       5.307  distribute        1080         321           0        3547       86400       25907       64800
          54           1      52.038       5.324     collect        1080           0        1156           0       66499       27046       64800
          55           1      51.997       5.260     collect        1080           0        1333           0       85602       42285       64800
          56           0      52.151       5.326     collect        1560           0        2054           0       85060       40339       64800
          57           0      51.998       5.213     collect         960           0         559           0       81133       38705       64800
          58           1      52.194       5.022  distribute         840         237           0        3433       86400       42755       64800
          59           1      51.982       5.120     collect        1200           0        1117           0       82679       29594       64800
          60           1      52.223       5.243     collect        1800           0        1125           0       71258       27520       64800
          61           1      52.099       5.164     collect         720           0         919           0       77144       28440       64800
          62           1      52.104       5.226     collect        1200           0        2199           0       67679       28418       64800
          63           0      52.178       4.953  distribute        1800        3732           0       11669       86400       32860       64800
          64           0      52.066       4.827     collect        2400           0        1068           0       85829       28409       64800
          65           1      52.164       5.078     collect        1200           0         217           0       75648       41641       64800
          66           1      52.105       5.246  distribute        1200         289           0       19377       86400       40529       64800
          67           0      52.218       5.081     collect         720           0         557           0       79951       26792       64800
          68           0      52.003       5.350     collect        1080           0         822           0       70986       25353       64800
          69           0      52.137       5.197     collect         960           0         495           0       84451       27855       64800
          70           1      51.998       5.070  distribute         960        1229           0        9720       86400       40019       64800
          71           1      52.050       5.331     collect        1080           0         947           0       81155       31224       64800
          72           0      52.217       5.370     collect        1080           0        1427           0       66021       30526       64800
          73           0      52.043       5.028     collect        1320           0        3750           0       72981       31424       64800
          74           1      52.236       5.039  distribute         600         576           0       26947       86400       32740       64800
          75           0      52.210       5.371     collect        1080           0         495           0       69259       35906       64800
          76           1      52.200       5.407     collect         960           0         307           0       66897       38124       64800
          77           1      51.981       5.054     collect        1200           0         709           0       76766       37918       64800
          78           1      52.126       5.448  distribute        1080         590           0       23958       86400       36713       64800
          79           1      51.984       5.038  distribute        1080        1446           0       16575       86400       40902       64800
          80           1      51.977       5.319  distribute        1680         267           0       11587       86400       39781       64800
          81           1      52.209       5.337     collect         960           0         494           0       85041       38939       64800
          82           1      52.208       5.204  distribute         600        1028           0       34520       86400       54018       60903
          83           0      52.002       5.439  distribute        1200         445           0       24242       86400       41539       64800
          84           0      51.980       5.249  distribute        2280         230           0       11832       86400       33166       64800
          85           1      52.032       5.133     collect         960           0         631           0       69359       36865       64800
          86           0      52.220       5.070  distribute        2400        1288           0       13804       86400       39767       64800