T_2_6_35_[2] 2 4 12 37

[Vehicle Types] - ID_veh_type, fixed_cost, variable_cost, Speed, Capacity, alpha, beta, max_time, max_drive_time
           0           0        1.50          80        3200        2400        2800       54000       22000
           1           0        2.20          50        7000        6000        6200       54000       32400

[Number of Vehicle Types] - ID_veh_type, ID_depot, number_of_vehicles
           0           0           5
           1           0           3
           0           1           5
           1           1           3

[Scheduled Lines] - ID_from, ID_to, cost_per_req, capacity, dep_time, arr_time
           0           1        0.01        7000        2202        4752
           0           1        0.01        7000        9920       12470
           0           1        0.01        7000       23868       26418
           0           1        0.01        7000       55656       58206
           0           1        0.01        7000       65059       67609
           0           1        0.01        7000       71286       73836
           1           0        0.01        7000        4058        6608
           1           0        0.01        7000       11115       13665
           1           0        0.01        7000       17519       20069
           1           0        0.01        7000       58293       60843
           1           0        0.01        7000       67248       69798
           1           0        0.01        7000       76274       78824

[Nodes/requests]: ID_node, ID_depot, lat, long, type, service_time, q_del, q_col, tw_depot_start, tw_depot_end, tw_cust_start, tw_cust_end
           0           0      52.239       4.836       depot           0           0           0           0       86400           0       86400
           1           1      52.078       5.158       depot           0           0           0           0       86400           0       86400
           2           1      52.071       5.186     collect         960           0         714           0       67865       36400       64800
           3           0      52.134       5.125     collect        1080           0         912           0       69883       37906       64800
           4           1      52.006       5.292     collect        1560           0          84           0       74200       42775       64800
           5           0      52.014       4.938     collect         720           0         373           0       70464       25273       64800
           6           1      52.045       5.326  distribute        2280        5576           0        1652       86400       32391       64800
           7           0      52.090       5.289     collect         600           0         618           0       85595       37535       64800
           8           1      52.045       5.263     collect        1080           0         266           0       62994       36861       43806
           9           1      52.238       4.993  distribute        2400        1794           0       28179       86400       37584       64800
          10           1      52.167       4.867     collect        1200           0        1007           0       77443       41259       64800
          11           1      52.142       5.153  distribute        2280        1988           0       27627       86400       29862       64800
          12           1      52.068       5.306     collect         720           0        1388           0       83416       28071       64800
          13           1      52.234       5.266     collect        1080           0         880           0       80917       42226       64800
          14           1      52.160       5.091  distribute         840         252           0        6832       86400       37257       64800
          15           0      52.160       4.840  distribute         840         136           0       21483       86400       42035       64800
          16           1      52.167       5.303  distribute        2160        1412           0       23991       86400       30556       64800
          17           0      52.057       4.978  distribute        1200         507           0       20638       86400       37877       64800
          18           1      52.019       5.129  distribute        1800        5320           0        2736       86400       25682       64800
          19           0      52.008       4.935     collect        1680           0        1424           0       82367       36594       64800
          20           0      52.056       5.329     collect         600           0         796           0       76317       28850       64800
          21           0      52.122       5.396  distribute         720         788           0       15150       86400       35247       64800
          22           0      52.178       4.883     collect        1440           0        3660           0       77410       25571       64800
          23           1      52.067       5.219  distribute        1560        3393           0       22798       86400       26896       64800
          24           0      52.022       4.970     collect         600           0         732           0       77093       29768       64800
          25           1      52.045       4.987  distribute         720         677           0       21907       86400       27711       64800
          26           1      52.123       5.081  distribute        1080        1128           0       13576       86400       40113       64800
          27           1      52.109       5.421  distribute         600         811           0         547       86400       33803       64800
          28           0      52.191       4.823     collect         840           0        1419           0       65222       42471       64800
          29           0      52.212       5.267  distribute         600        1268           0       27973       86400       38385       64800
          30           1      52.079       5.133     collect        1080           0        1238           0       79422       37483       64800
          31           0      52.077       5.064  distribute        1200        1140           0         886       86400       29440       64800
          32           0      52.097       5.376     collect        1200           0         579           0       83853       28835       64800
          33           0      52.105       4.989     collect        2400           0        2830           0       68208       43672       47627
          34           1      52.228       4.867  distribute         960         361           0        9948       86400       33240       64800
          35           0      52.063       5.288     collect         960           0         486           0       69643       35984       64800
          36           1      52.100       4.930     collect        1680           0        2943           0       69333       25209       64800