T_2_6_80_[0] 2 4 12 82

[Vehicle Types] - ID_veh_type, fixed_cost, variable_cost, Speed, Capacity, alpha, beta, max_time, max_drive_time
           0           0        1.50          80        3200        2400        2800       54000       22000
           1           0        2.20          50        7000        6000        6200       54000       32400

[Number of Vehicle Types] - ID_veh_type, ID_depot, number_of_vehicles
           0           0          10
           1           0           5
           0           1          10
           1           1           5

[Scheduled Lines] - ID_from, ID_to, cost_per_req, capacity, dep_time, arr_time
           0           1        0.01        7000        3890        4538
           0           1        0.01        7000       13882       14530
           0           1        0.01        7000       20527       21175
           0           1        0.01        7000       57092       57740
           0           1        0.01        7000       66007       66655
           0           1        0.01        7000       70731       71379
           1           0        0.01        7000        6598        7246
           1           0        0.01        7000        8857        9505
           1           0        0.01        7000       22564       23212
           1           0        0.01        7000       52111       52759
           1           0        0.01        7000       63343       63991
           1           0        0.01        7000       72141       72789

[Nodes/requests]: ID_node, ID_depot, lat, long, type, service_time, q_del, q_col, tw_depot_start, tw_depot_end, tw_cust_start, tw_cust_end
           0           0      52.062       5.365       depot           0           0           0           0       86400           0       86400
           1           1      52.118       5.418       depot           0           0           0           0       86400           0       86400
           2           1      52.099       5.050  distribute         720        1355           0       22570       86400       25959       64800
           3           1      52.023       4.839  distribute        1320        1102           0        5278       86400       28400       40749
           4           0      52.190       4.948     collect        1200           0         516           0       72235       35986       64800
           5           1      52.222       5.121  distribute         960          67           0       24855       86400       39835       64800
           6           1      52.011       5.258     collect        1080           0         722           0       68019       49239       55852
           7           1      52.169       5.118  distribute        2040         849           0       19522       86400       42501       64800
           8           0      52.105       5.400     collect         840           0         405           0       82447       34792       64800
           9           1      52.197       4.894  distribute         840        1131           0        2125       86400       42893       64800
          10           1      52.119       5.238  distribute         840         938           0        4332       86400       30425       64800
          11           0      51.985       5.436     collect        1080           0        1439           0       78043       41352       64800
          12           1      51.991       5.036  distribute         960        1176           0         974       86400       38091       64800
          13           1      52.234       5.434     collect         840           0         403           0       79743       38385       64800
          14           0      52.134       4.905     collect        1200           0         733           0       67970       26432       64800
          15           0      52.074       4.866  distribute         720         172           0        2009       86400       31345       64800
          16           0      52.063       5.316     collect        2160           0        2728           0       78530       27419       64800
          17           1      52.087       4.969  distribute         840         401           0        4578       86400       31608       64800
          18           0      52.217       5.253  distribute        2280         686           0       31008       86400       39184       64800
          19           1      52.028       5.016     collect         720           0         369           0       84091       33520       64800
          20           1      52.086       5.018  distribute         720         573           0        8822       86400       34178       64800
          21           0      52.149       5.324  distribute         600        1039           0        6783       86400       43152       64800
          22           1      51.998       5.316     collect        1920           0         280           0       80925       25876       64800
          23           1      52.151       5.153  distribute        1320        1626           0       18679       86400       25866       64800
          24           1      52.229       4.923  distribute         600         907           0       22641       86400       31754       64800
          25           1      52.006       4.929  distribute         840        1320           0       13003       86400       35098       64800
          26           1      51.979       5.210  distribute         720         631           0       17208       86400       40742       64800
          27           0      52.084       5.081  distribute        1200        1350           0         734       86400       34608       64800
          28           1      52.041       5.376     collect        1200           0        1432           0       74226       31564       45874
          29           0      52.221       4.968  distribute        1200         892           0        9487       86400       41650       64800
          30           0      52.105       4.965     collect        1200           0        1172           0       66252       38819       64800
          31           0      52.122       5.044     collect        1200           0         243           0       83717       38507       64800
          32           1      52.097       5.056  distribute        1200        1021           0        2225       86400       28139       64800
          33           1      52.112       5.314     collect        1080           0        1036           0       77206       33377       64800
          34           0      52.078       5.442  distribute         960        1456           0       10160       86400       25614       64800
          35           0      52.208       5.370     collect        1080           0         807           0       84875       41792       64800
          36           0      52.059       5.057     collect         600           0         884           0       83641       40620       64800
          37           0      52.210       4.961     collect        1080           0         294           0       74504       41117       64800
          38           0      52.225       4.856  distribute        1200          94           0       16375       86400       33690       64800
          39           0      52.004       5.397  distribute         600         732           0       28612       86400       33037       64800
          40           1      52.199       5.315     collect        1200           0         951           0       66837       25727       64800
          41           0      52.115       4.947     collect        2400           0        2370           0       85606       29148       64800
          42           0      52.093       5.075     collect        1200           0        1048           0       68058       31517       64800
          43           1      52.028       4.974     collect         840           0         154           0       70351       42476       64800
          44           0      52.052       4.948     collect        2040           0        1233           0       71096       41822       64800
          45           0      52.210       5.251  distribute         960         126           0       32332       86400       40671       64800
          46           0      52.007       5.028  distribute         720         614           0          63       86400       30939       64800
          47           0      52.205       4.916  distribute         840         118           0       20508       86400       30651       64800
          48           0      52.046       5.384     collect        1920           0        4113           0       71705       36476       64800
          49           1      52.032       5.167     collect         840           0         226           0       77889       32928       64800
          50           0      52.169       5.029     collect         720           0        1132           0       66086       27498       64800
          51           1      52.030       5.022  distribute         960        1445           0       13439       86400       31450       44146
          52           1      52.108       5.438     collect         960           0         507           0       82222       36094       64800
          53           1      51.980       5.438  distribute        1560        2848           0         522       86400       27339       64800
          54           1      52.056       5.240  distribute         840         133           0        8905       86400       31940       64800
          55           1      52.106       5.273     collect         720           0         427           0       74941       36011       64800
          56           1      52.238       4.997  distribute        1200         796           0       24459       86400       36127       64800
          57           0      52.005       5.350     collect        1320           0         588           0       78582       27300       64800
          58           1      52.163       5.129     collect         840           0         431           0       36552       31259       34966
          59           0      52.037       4.973     collect        1200           0         475           0       68406       41316       64800
          60           0      52.065       4.950  distribute         840         861           0       25442       86400       42516       64800
          61           1      52.201       4.931     collect         720           0         679           0       83779       32715       64800
          62           0      52.019       4.833  distribute         960         217           0        4190       86400       30954       64800
          63           0      52.203       4.928     collect         720           0         128           0       68086       40922       64800
          64           1      52.002       4.898  distribute         720        1382           0       30785       86400       34278       64800
          65           1      52.050       5.361     collect        2040           0         551           0       86005       33679       64800
          66           0      52.185       4.944     collect         600           0         558           0       84360       34241       64800
          67           0      51.997       4.982     collect        1680           0        1440           0       83275       42895       56921
          68           0      52.145       5.285  distribute        2400         906           0        1660       86400       25819       64800
          69           1      52.117       4.954     collect         720           0         312           0       82420       38568       64800
          70           1      52.204       5.112     collect        1200           0         223           0       80383       26914       64800
          71           0      52.112       4.873     collect         960           0        1194           0       70433       42077       64800
          72           1      52.228       5.200     collect         720           0         951           0       80736       30525       64800
          73           0      52.154       5.286  distribute         600         801           0        5566       86400       32500       64800
          74           1      52.181       5.158     collect         840           0         383           0       66597       40054       64800
          75           1      51.977       4.923     collect        1200           0        1170           0       78126       44022       52381
          76           1      52.171       5.440  distribute        1320         698           0       22507       86400       37896       64800
          77           1      52.041       4.933  distribute        1560        4044           0        4545       86400       36440       64800
          78           0      52.046       5.317  distribute        2400        1358           0       22348       86400       30768       64800
          79           0      52.129       4.822  distribute        1920         754           0       16309       86400       25253       64800
          80           0      52.141       5.121  distribute         720         266           0        2079       86400       35649       64800
          81           1      52.085       4.859     collect        2160           0        1474           0       77708       36518       64800