T_2_6_70_[1] 2 4 12 72

[Vehicle Types] - ID_veh_type, fixed_cost, variable_cost, Speed, Capacity, alpha, beta, max_time, max_drive_time
           0           0        1.50          80        3200        2400        2800       54000       22000
           1           0        2.20          50        7000        6000        6200       54000       32400

[Number of Vehicle Types] - ID_veh_type, ID_depot, number_of_vehicles
           0           0           9
           1           0           4
           0           1           9
           1           1           4

[Scheduled Lines] - ID_from, ID_to, cost_per_req, capacity, dep_time, arr_time
           0           1        0.01        7000         492        1084
           0           1        0.01        7000       16272       16864
           0           1        0.01        7000       21716       22308
           0           1        0.01        7000       57971       58563
           0           1        0.01        7000       68333       68925
           0           1        0.01        7000       71893       72485
           1           0        0.01        7000        8325        8917
           1           0        0.01        7000       15346       15938
           1           0        0.01        7000       23282       23874
           1           0        0.01        7000       58408       59000
           1           0        0.01        7000       61758       62350
           1           0        0.01        7000       69547       70139

[Nodes/requests]: ID_node, ID_depot, lat, long, type, service_time, q_del, q_col, tw_depot_start, tw_depot_end, tw_cust_start, tw_cust_end
           0           0      52.171       4.985       depot           0           0           0           0       86400           0       86400
           1           1      52.177       5.081       depot           0           0           0           0       86400           0       86400
           2           1      52.099       5.074     collect         960           0         816           0       83796       52422       55130
           3           1      52.228       5.298  distribute        1200         573           0       23086       86400       30829       64800
           4           1      52.174       5.051  distribute        1080        1070           0       32915       86400       38900       64800
           5           1      52.160       4.879     collect         720           0         480           0       80885       33529       64800
           6           0      52.174       5.328  distribute        1080        1235           0         511       86400       27290       64800
           7           1      52.215       5.006     collect         840           0         752           0       69945       25868       64800
           8           1      52.214       5.071     collect        1080           0         109           0       81503       39662       64800
           9           0      52.175       5.276     collect         960           0        1234           0       72251       37756       64800
          10           0      52.232       5.355  distribute         840         715           0        4168       86400       32384       64800
          11           1      51.996       5.309  distribute         960         751           0       20317       86400       35245       64800
          12           1      52.132       4.812     collect         720           0         553           0       84050       31358       64800
          13           1      52.198       4.820     collect        1080           0         745           0       84253       26669       64800
          14           0      52.063       4.917     collect         960           0         558           0       80905       42318       64800
          15           1      52.237       5.296     collect         600           0        1022           0       71406       40179       64800
          16           0      52.046       5.307     collect         720           0         715           0       68305       30466       64800
          17           0      52.014       5.114     collect         600           0         432           0       71621       36820       64800
          18           0      52.136       4.989  distribute         960         550           0        8069       86400       31894       64800
          19           0      52.192       5.107     collect        1320           0        2241           0       77076       32632       46501
          20           0      52.089       4.909     collect         840           0        1395           0       79535       25312       64800
          21           1      52.089       4.970     collect        1200           0         735           0       76551       32395       64800
          22           0      52.232       5.333  distribute         720        1040           0        8507       86400       37347       64800
          23           1      52.014       5.085  distribute         960        1216           0       10316       86400       32016       64800
          24           0      52.145       5.149  distribute        1680        1176           0       24205       86400       35400       64800
          25           0      52.006       5.077  distribute        1200         108           0        9039       86400       39529       64800
          26           0      51.981       5.179     collect         600           0         139           0       66470       39023       64800
          27           1      52.087       5.195  distribute        1200         164           0        3710       86400       28062       64800
          28           1      52.048       5.271     collect         600           0         760           0       67481       40458       64800
          29           0      52.125       4.968  distribute         600         667           0        1726       86400       35221       64800
          30           1      52.185       5.218  distribute        1320        2925           0       20832       86400       29786       64800
          31           0      52.130       5.143  distribute         600         273           0        1076       86400       35985       64800
          32           1      52.011       5.052  distribute         720         910           0       13171       86400       40824       64800
          33           0      52.040       5.443  distribute        1200        1103           0       12997       86400       36611       64800
          34           1      52.129       5.008  distribute         600         380           0       17744       86400       37431       64800
          35           1      52.088       5.442     collect        1080           0         328           0       84448       42753       64800
          36           1      52.093       4.901     collect        1800           0        3606           0       66797       30105       64800
          37           1      52.230       4.842  distribute         600         268           0        5037       86400       31892       64800
          38           1      52.238       5.178     collect         720           0         797           0       51526       37301       46514
          39           1      52.082       4.838  distribute         720        1192           0       29222       86400       33172       64800
          40           1      52.132       5.084  distribute        2040         535           0       25459       86400       33074       46888
          41           1      52.198       5.396  distribute         720         673           0       12400       86400       38422       64800
          42           1      51.991       5.245     collect         960           0        1293           0       84850       40689       64800
          43           0      52.052       5.161     collect         600           0        1338           0       72307       36513       64800
          44           1      52.001       5.334  distribute        1080          91           0        5617       86400       32849       64800
          45           1      52.150       4.876     collect        1080           0         570           0       81572       52527       63309
          46           0      52.116       5.366  distribute         720         831           0       14071       86400       33031       41159
          47           1      52.134       5.428  distribute         960         813           0       13853       86400       37893       64800
          48           0      52.083       5.218     collect         720           0         884           0       86158       25978       64800
          49           0      52.177       5.187     collect        1200           0         622           0       68817       35487       64800
          50           1      51.995       4.923  distribute         720         132           0       19724       86400       25766       64800
          51           0      52.119       5.138     collect        1080           0         536           0       79773       30054       64800
          52           0      52.157       4.926     collect         960           0         472           0       69411       31831       64800
          53           0      52.147       5.299     collect         960           0         555           0       81797       39104       64800
          54           1      52.230       5.222  distribute         720        1177           0       10838       86400       31097       35032
          55           0      51.978       5.331  distribute         720        1287           0        2857       86400       27627       64800
          56           0      52.110       5.438     collect        1200           0         946           0       81569       28035       64800
          57           1      52.082       4.932  distribute         720         342           0       27376       86400       42347       64800
          58           1      52.174       4.887     collect         600           0          98           0       70015       55632       58869
          59           1      52.161       5.107  distribute        1080        1014           0       39870       86400       42140       64800
          60           1      51.977       4.934  distribute         600        1268           0       19164       86400       25584       64800
          61           0      52.219       5.249  distribute        2400        1848           0        6524       86400       35985       64800
          62           1      52.191       5.141     collect        2400           0        1526           0       71354       34767       64800
          63           1      52.150       5.430     collect        1800           0         596           0       67379       36707       64800
          64           0      51.994       5.186     collect         960           0         863           0       70643       37180       64800
          65           1      52.135       5.146  distribute         720        1379           0       29788       86400       38847       64800
          66           0      52.123       4.987  distribute         720        1083           0       32236       86400       33136       64800
          67           0      51.988       4.916     collect        1200           0         386           0       68541       37882       64800
          68           1      52.173       5.307     collect         960           0        1311           0       74387       30862       64800
          69           0      52.100       5.240     collect        1800           0        1494           0       72404       27190       64800
          70           0      52.051       5.073  distribute        2400         564           0        6259       86400       41732       64800
          71           0      51.985       4.904     collect        1080           0         166           0       65928       34827       64800