T_2_6_45_[0] 2 4 12 47

[Vehicle Types] - ID_veh_type, fixed_cost, variable_cost, Speed, Capacity, alpha, beta, max_time, max_drive_time
           0           0        1.50          80        3200        2400        2800       54000       22000
           1           0        2.20          50        7000        6000        6200       54000       32400

[Number of Vehicle Types] - ID_veh_type, ID_depot, number_of_vehicles
           0           0           6
           1           0           3
           0           1           6
           1           1           3

[Scheduled Lines] - ID_from, ID_to, cost_per_req, capacity, dep_time, arr_time
           0           1        0.01        7000        6479        7509
           0           1        0.01        7000       11942       12972
           0           1        0.01        7000       21975       23005
           0           1        0.01        7000       53372       54402
           0           1        0.01        7000       65822       66852
           0           1        0.01        7000       77683       78713
           1           0        0.01        7000        7205        8235
           1           0        0.01        7000       14563       15593
           1           0        0.01        7000       22372       23402
           1           0        0.01        7000       55043       56073
           1           0        0.01        7000       64697       65727
           1           0        0.01        7000       72478       73508

[Nodes/requests]: ID_node, ID_depot, lat, long, type, service_time, q_del, q_col, tw_depot_start, tw_depot_end, tw_cust_start, tw_cust_end
           0           0      52.168       4.937       depot           0           0           0           0       86400           0       86400
           1           1      52.222       5.080       depot           0           0           0           0       86400           0       86400
           2           1      52.175       4.960     collect        1200           0        1145           0       68919       29177       64800
           3           0      52.051       5.366     collect        1920           0        1899           0       66635       26674       64800
           4           0      52.097       5.327     collect        1200           0        1335           0       73352       34244       64800
           5           0      52.156       5.077     collect        1800           0        4299           0       74637       34075       64800
           6           0      52.042       5.355  distribute         840         460           0       13474       86400       47981       58159
           7           1      51.977       4.824  distribute         720         317           0        9900       86400       39196       64800
           8           1      52.160       5.052  distribute        1200         686           0        5878       86400       33754       64800
           9           0      52.080       5.368     collect         840           0        1045           0       68711       40806       64800
          10           1      52.104       5.165     collect         840           0         454           0       75098       40917       64800
          11           0      52.196       5.115     collect        1080           0          63           0       75832       28047       64800
          12           1      52.127       5.104  distribute        1200         144           0       10600       86400       36380       64800
          13           1      52.175       4.860  distribute         600        1243           0       15166       86400       26729       37640
          14           0      51.984       4.833     collect         960           0         430           0       78530       39026       64800
          15           0      52.091       4.980  distribute         840          94           0       18013       86400       31409       64800
          16           1      52.005       4.964  distribute         600         924           0       11451       86400       26781       64800
          17           1      52.192       5.415  distribute         720         888           0       18399       86400       29499       64800
          18           0      52.078       5.324     collect         600           0         297           0       82658       33210       64800
          19           1      52.107       5.335     collect         600           0         782           0       66797       48001       52149
          20           0      52.102       4.962     collect        1080           0         337           0       75663       39455       64800
          21           1      51.999       4.917  distribute         720         754           0        3399       86400       39783       45395
          22           0      52.020       5.005     collect        2280           0        3537           0       75223       27594       64800
          23           0      51.989       5.320     collect        1200           0         974           0       81033       38424       64800
          24           1      52.103       4.840     collect         600           0         285           0       74805       29469       64800
          25           0      52.002       4.982     collect        1200           0        1025           0       82789       38443       64800
          26           0      51.980       5.190     collect        1080           0         996           0       74307       38273       64800
          27           1      52.089       5.308     collect         720           0        1364           0       72150       34215       64800
          28           1      52.207       5.035     collect        1680           0        3381           0       68251       34105       41784
          29           0      52.162       4.912     collect         720           0        1018           0       70620       32480       64800
          30           0      52.032       5.144  distribute        1200         560           0       23385       86400       34654       64800
          31           0      52.167       5.009     collect         720           0         312           0       75419       41799       64800
          32           1      52.087       5.281     collect         720           0         841           0       66384       39046       64800
          33           1      52.081       5.396  distribute         600        1051           0       17368       86400       40962       64800
          34           1      52.181       4.942  distribute         600         468           0        2539       86400       26670       64800
          35           1      52.215       5.124     collect        1800           0        1320           0       77180       29713       64800
          36           1      52.167       5.159  distribute        1080         627           0       35795       86400       41834       64800
          37           0      52.033       5.016  distribute        1080         272           0       22819       86400       35146       64800
          38           0      52.158       5.112     collect        1200           0          79           0       84054       31234       64800
          39           1      52.026       4.974  distribute        1200        1352           0       16868       86400       34140       64800
          40           0      52.179       5.397  distribute         720          59           0       26673       86400       40663       64800
          41           1      52.070       5.252     collect        1200           0         972           0       85916       48878       56588
          42           0      52.026       5.274  distribute         600         257           0       36581       86400       41419       64800
          43           1      52.193       5.277  distribute         840         858           0       22041       86400       34472       64800
          44           0      52.068       4.934  distribute         720         842           0       20557       86400       27932       37881
          45           1      52.222       5.316  distribute         840         945           0       10359       86400       32909       64800
          46           1      52.049       5.349  distribute         840         810           0       31802       86400       41558       64800