T_2_6_60_[2] 2 4 12 62

[Vehicle Types] - ID_veh_type, fixed_cost, variable_cost, Speed, Capacity, alpha, beta, max_time, max_drive_time
           0           0        1.50          80        3200        2400        2800       54000       22000
           1           0        2.20          50        7000        6000        6200       54000       32400

[Number of Vehicle Types] - ID_veh_type, ID_depot, number_of_vehicles
           0           0           9
           1           0           4
           0           1           9
           1           1           4

[Scheduled Lines] - ID_from, ID_to, cost_per_req, capacity, dep_time, arr_time
           0           1        0.01        7000        7657        8555
           0           1        0.01        7000       16950       17848
           0           1        0.01        7000       24287       25185
           0           1        0.01        7000       57165       58063
           0           1        0.01        7000       61540       62438
           0           1        0.01        7000       69502       70400
           1           0        0.01        7000        6387        7285
           1           0        0.01        7000       13113       14011
           1           0        0.01        7000       23011       23909
           1           0        0.01        7000       53598       54496
           1           0        0.01        7000       62299       63197
           1           0        0.01        7000       69327       70225

[Nodes/requests]: ID_node, ID_depot, lat, long, type, service_time, q_del, q_col, tw_depot_start, tw_depot_end, tw_cust_start, tw_cust_end
           0           0      52.161       4.862       depot           0           0           0           0       86400           0       86400
           1           1      52.133       5.001       depot           0           0           0           0       86400           0       86400
           2           0      52.045       5.180  distribute         720        1252           0       17293       86400       29758       64800
           3           0      52.237       5.358  distribute        1800        1002           0       37635       86400       39319       64800
           4           1      52.217       5.405     collect         960           0        1215           0       86237       36370       64800
           5           0      52.064       5.383  distribute        1080        1051           0       24093       86400       42313       64800
           6           1      52.228       4.873     collect        1200           0         498           0       81217       42216       64800
           7           1      52.043       4.887  distribute        1920         988           0       15145       86400       31422       64800
           8           0      52.078       4.872     collect        1200           0         786           0       81051       36426       64800
           9           1      52.237       5.221     collect        1200           0        1239           0       70770       39263       64800
          10           0      52.081       5.212     collect         960           0         502           0       85024       28092       64800
          11           0      52.079       5.187     collect        1080           0        1377           0       74488       40752       64800
          12           1      52.110       5.279     collect         960           0        1053           0       67841       28123       64800
          13           0      52.221       5.344  distribute        1080        1386           0        8781       86400       36091       64800
          14           0      52.139       4.885     collect        1200           0        2486           0       82547       29446       64800
          15           1      52.086       4.969  distribute        1080         564           0       13338       86400       31684       64800
          16           1      52.027       5.035     collect        1200           0         567           0       78138       28313       64800
          17           0      52.011       4.999  distribute        1200         151           0       30197       86400       38795       64800
          18           0      51.996       4.924     collect         720           0          82           0       82002       27641       64800
          19           1      51.983       5.413     collect        1080           0        1079           0       77499       41947       64800
          20           1      52.115       4.942     collect         600           0         362           0       83501       32263       64800
          21           1      52.206       5.099     collect        1080           0        1284           0       83472       41028       64800
          22           1      52.151       5.297  distribute        2400         592           0       35277       86400       39397       64800
          23           0      52.188       5.220     collect         720           0        1314           0       73132       36954       64800
          24           0      52.172       5.280  distribute         720        1298           0       19037       86400       30681       64800
          25           0      52.228       4.919  distribute         840         302           0       30715       86400       32001       64800
          26           1      52.158       5.062     collect         840           0         511           0       73892       32335       64800
          27           1      52.079       5.295     collect         600           0         762           0       86282       32636       64800
          28           0      52.194       4.946     collect        1080           0         424           0       82763       27311       64800
          29           0      52.085       5.169  distribute        1440        5588           0       18616       86400       29790       64800
          30           1      52.065       5.294     collect         600           0        1446           0       85712       43046       49020
          31           1      52.228       5.161  distribute         720        1066           0       24484       86400       34724       64800
          32           0      52.089       4.937  distribute         960         704           0       20321       86400       25417       64800
          33           0      52.064       4.901  distribute         720        1110           0       22059       86400       51600       54218
          34           1      51.995       5.072  distribute         960         180           0       21941       86400       29221       64800
          35           1      52.169       5.032     collect         960           0         186           0       85752       40682       64800
          36           1      52.131       5.446     collect         960           0        1209           0       81321       31239       64800
          37           1      52.140       4.877     collect        1560           0        3537           0       81928       39946       64800
          38           0      52.102       5.017  distribute        2280         369           0        5244       86400       26593       64800
          39           0      52.127       4.899  distribute        1200        1269           0       14585       86400       29451       64800
          40           0      52.006       4.938  distribute        1200        1188           0       19508       86400       35377       64800
          41           1      52.057       5.300     collect         600           0         964           0       67901       27741       64800
          42           0      52.091       5.208  distribute         960        1102           0       30245       86400       42593       64800
          43           0      52.146       5.199     collect         960           0         219           0       70877       33177       64800
          44           1      52.038       5.372     collect         840           0         202           0       67789       28440       64800
          45           1      52.133       4.950     collect        1200           0        1261           0       78513       35432       64800
          46           1      52.134       4.984  distribute        1080        1116           0       12971       86400       29448       64800
          47           0      52.217       5.113     collect         720           0         856           0       71406       35381       64800
          48           1      52.196       5.266     collect         720           0         684           0       71866       36171       64800
          49           0      52.230       4.810  distribute        1080        1132           0       11881       86400       42226       64800
          50           0      52.006       4.885     collect         840           0        1388           0       77258       38427       64800
          51           1      51.992       5.196     collect         840           0         650           0       84230       32531       64800
          52           0      52.203       4.980  distribute         600         461           0       15015       86400       29053       64800
          53           0      52.176       5.272     collect         600           0         488           0       66905       40336       64800
          54           0      52.139       5.303     collect         600           0         599           0       67868       42120       64800
          55           0      52.057       5.127     collect        1080           0         305           0       82141       34501       64800
          56           1      52.163       5.434     collect        2280           0        3945           0       68927       32531       64800
          57           0      52.209       4.869     collect         600           0        1068           0       63772       40462       53429
          58           1      52.238       5.403  distribute        1080         812           0        7533       86400       27836       64800
          59           1      52.215       5.037  distribute         600         971           0        8454       86400       37740       64800
          60           1      52.012       5.101     collect        1080           0         292           0       79376       35360       64800
          61           0      52.191       5.392     collect         600           0         806           0       78340       33573       64800