T_2_6_30_[2] 2 4 12 32

[Vehicle Types] - ID_veh_type, fixed_cost, variable_cost, Speed, Capacity, alpha, beta, max_time, max_drive_time
           0           0        1.50          80        3200        2400        2800       54000       22000
           1           0        2.20          50        7000        6000        6200       54000       32400

[Number of Vehicle Types] - ID_veh_type, ID_depot, number_of_vehicles
           0           0           5
           1           0           2
           0           1           5
           1           1           2

[Scheduled Lines] - ID_from, ID_to, cost_per_req, capacity, dep_time, arr_time
           0           1        0.01        7000        6535        9046
           0           1        0.01        7000       13120       15631
           0           1        0.01        7000       18997       21508
           0           1        0.01        7000       57778       60289
           0           1        0.01        7000       61333       63844
           0           1        0.01        7000       70154       72665
           1           0        0.01        7000        6923        9434
           1           0        0.01        7000       10004       12515
           1           0        0.01        7000       22679       25190
           1           0        0.01        7000       54697       57208
           1           0        0.01        7000       61633       64144
           1           0        0.01        7000       76863       79374

[Nodes/requests]: ID_node, ID_depot, lat, long, type, service_time, q_del, q_col, tw_depot_start, tw_depot_end, tw_cust_start, tw_cust_end
           0           0      52.178       5.145       depot           0           0           0           0       86400           0       86400
           1           1      51.983       5.402       depot           0           0           0           0       86400           0       86400
           2           0      52.166       4.866     collect        1080           0         140           0       75665       34464       64800
           3           0      52.166       5.374     collect         840           0         605           0       54077       39325       48192
           4           0      52.007       4.996     collect        1680           0        1071           0       79343       26333       64800
           5           1      52.078       4.853  distribute         720         457           0       17924       86400       27037       64800
           6           1      52.240       5.019     collect        1080           0        1223           0       79282       30071       32590
           7           0      52.137       4.970  distribute        1080         644           0        3280       86400       41779       64800
           8           1      52.174       5.192     collect        1080           0         927           0       66432       41204       53936
           9           0      52.057       5.116  distribute         600        1489           0       31390       86400       37745       64800
          10           0      52.092       5.000     collect        1560           0         632           0       73137       31045       64800
          11           0      52.173       5.232     collect        1680           0        1359           0       73340       38964       64800
          12           0      52.105       5.389     collect        1080           0         791           0       75917       28079       64800
          13           1      52.071       5.236  distribute         720         389           0       15254       86400       34623       64800
          14           0      52.135       5.082  distribute        1920         696           0        9365       86400       31717       64800
          15           1      52.039       4.828     collect         840           0        1405           0       56417       32778       44276
          16           0      52.080       4.995  distribute         600         785           0         438       86400       35472       64800
          17           0      51.977       4.870     collect         840           0         874           0       76926       28349       64800
          18           1      52.198       5.389     collect        2160           0        4184           0       69157       38121       64800
          19           0      51.991       5.257  distribute        1080        1498           0       11951       86400       38137       64800
          20           1      52.128       5.336     collect         960           0         911           0       70925       25680       64800
          21           0      52.188       5.028  distribute         600        1033           0       26586       86400       44228       54098
          22           0      52.035       5.248     collect        1680           0        1187           0       85427       33121       64800
          23           0      52.067       5.035  distribute         600        1190           0       14093       86400       32893       64800
          24           1      52.075       5.240  distribute        1200        1119           0       10112       86400       33391       64800
          25           1      52.165       5.135     collect        2280           0        1608           0       77753       28072       64800
          26           1      52.099       5.179  distribute         720         193           0        4703       86400       42543       64800
          27           1      52.189       5.331  distribute         600         384           0       15085       86400       40129       64800
          28           0      52.225       5.100     collect        2040           0         907           0       71343       42667       64800
          29           0      52.052       4.950  distribute         960        1086           0        1684       86400       25545       64800
          30           0      52.129       5.050     collect        1200           0         418           0       81283       32136       64800
          31           1      52.050       4.822     collect        1920           0         884           0       86219       26194       64800