T_2_6_90_[1] 2 4 12 92

[Vehicle Types] - ID_veh_type, fixed_cost, variable_cost, Speed, Capacity, alpha, beta, max_time, max_drive_time
           0           0        1.50          80        3200        2400        2800       54000       22000
           1           0        2.20          50        7000        6000        6200       54000       32400

[Number of Vehicle Types] - ID_veh_type, ID_depot, number_of_vehicles
           0           0          12
           1           0           6
           0           1          12
           1           1           6

[Scheduled Lines] - ID_from, ID_to, cost_per_req, capacity, dep_time, arr_time
           0           1        0.01        7000        8120       11113
           0           1        0.01        7000       12590       15583
           0           1        0.01        7000       24007       27000
           0           1        0.01        7000       58414       61407
           0           1        0.01        7000       66020       69013
           0           1        0.01        7000       71806       74799
           1           0        0.01        7000        8410       11403
           1           0        0.01        7000       16075       19068
           1           0        0.01        7000       25237       28230
           1           0        0.01        7000       58839       61832
           1           0        0.01        7000       63286       66279
           1           0        0.01        7000       73637       76630

[Nodes/requests]: ID_node, ID_depot, lat, long, type, service_time, q_del, q_col, tw_depot_start, tw_depot_end, tw_cust_start, tw_cust_end
           0           0      52.209       5.328       depot           0           0           0           0       86400           0       86400
           1           1      52.210       4.840       depot           0           0           0           0       86400           0       86400
           2           0      52.114       4.886     collect        1560           0        1056           0       82916       29861       64800
           3           0      52.020       5.375     collect        1080           0         745           0       80916       34333       64800
           4           0      52.199       5.152  distribute         720         449           0       11205       86400       39046       64800
           5           0      52.039       4.861  distribute        2280         768           0       34031       86400       37722       64800
           6           1      52.192       5.449     collect        1800           0         392           0       72908       56536       70560
           7           1      52.146       5.047     collect        2160           0        1243           0       75461       31796       64800
           8           1      52.049       4.826  distribute         600         665           0        9860       86400       31688       64800
           9           0      52.209       5.279  distribute        1320        2332           0       31529       86400       40119       64800
          10           0      51.980       4.852  distribute        1440        5124           0        6328       86400       37229       64800
          11           1      51.982       5.008  distribute         840         633           0       11731       86400       41796       64800
          12           1      52.139       4.988     collect        1080           0         893           0       85980       35265       64800
          13           1      52.220       5.362  distribute         960        1257           0         177       86400       25239       64800
          14           1      52.017       5.045     collect         720           0          52           0       84217       37521       64800
          15           1      52.086       4.841     collect        2400           0         938           0       78069       37801       64800
          16           0      52.036       5.065     collect        1200           0         735           0       77639       31432       64800
          17           0      52.168       5.387     collect         960           0        1173           0       70718       34166       64800
          18           1      52.014       5.111     collect         720           0         378           0       67807       46162       51505
          19           1      52.138       5.194  distribute        1200         786           0       18955       86400       26172       64800
          20           1      52.237       5.100  distribute        1200        1098           0       22070       86400       25511       64800
          21           0      51.977       5.133  distribute         840        1311           0       23551       86400       27087       31382
          22           0      52.126       5.145     collect        1200           0         411           0       79956       29553       64800
          23           0      52.014       5.439     collect        1080           0         960           0       67765       42878       64800
          24           1      51.983       4.816  distribute         960        1442           0       22554       86400       39105       64800
          25           1      52.145       5.332     collect         720           0        1386           0       79040       40919       64800
          26           1      52.193       4.832     collect         960           0         697           0       76790       33901       64800
          27           1      52.105       5.130     collect        1560           0        1876           0       73042       39387       64800
          28           0      52.028       5.166  distribute         840         770           0       20648       86400       28973       64800
          29           1      52.016       5.135     collect        2400           0        2374           0       79642       35512       64800
          30           0      52.152       4.950     collect        1080           0         876           0       74434       38654       64800
          31           1      52.055       4.951  distribute        1080         194           0        7352       86400       32906       38291
          32           0      51.987       5.300  distribute         720         671           0       36166       86400       42950       64800
          33           1      52.142       5.018  distribute         600         444           0       17446       86400       41262       64800
          34           1      52.185       4.990     collect         840           0         161           0       69545       39466       64800
          35           0      52.009       5.046  distribute         960         655           0       24919       86400       31822       64800
          36           1      52.148       4.981     collect        1080           0        1100           0       79870       34187       64800
          37           1      52.022       5.327  distribute         960        1478           0        5836       86400       25223       64800
          38           1      52.193       4.977     collect         720           0         494           0       67835       28994       64800
          39           0      52.229       5.338  distribute         840         240           0       25960       86400       33853       64800
          40           1      52.083       5.393     collect         720           0         523           0       70234       34780       64800
          41           1      52.041       4.953  distribute        1560        4012           0       18392       86400       56300       66187
          42           1      51.983       5.404     collect         600           0         838           0       76867       36818       64800
          43           0      52.093       5.045     collect         960           0         966           0       78663       30380       40306
          44           0      51.985       4.833     collect        1560           0         537           0       77567       36651       64800
          45           1      52.133       4.911  distribute         600         448           0       28239       86400       28765       64800
          46           0      52.176       5.413     collect        1560           0        3792           0       59677       38622       45286
          47           0      52.208       5.168  distribute         960          93           0       18476       86400       25850       29856
          48           0      52.100       5.118     collect         840           0         477           0       81709       25454       64800
          49           0      52.067       5.396     collect        1200           0        1271           0       67438       43033       56993
          50           1      52.014       5.448     collect        1080           0         647           0       77720       38730       64800
          51           0      52.151       5.213     collect         720           0        1255           0       67603       36575       64800
          52           1      52.139       4.900  distribute         960         962           0       23146       86400       32828       64800
          53           0      52.162       5.324  distribute        1080        1427           0       26492       86400       26826       64800
          54           0      52.218       5.311  distribute         720         441           0       13655       86400       34577       64800
          55           0      52.201       5.351     collect        2280           0        1303           0       86204       34299       64800
          56           0      52.231       4.854     collect         720           0         367           0       59845       39166       45207
          57           0      52.104       4.993  distribute         960        1359           0       35025       86400       39494       47459
          58           0      52.120       4.956  distribute         960         388           0        1494       86400       31292       64800
          59           1      52.118       5.176     collect        1320           0        5120           0       73435       39076       64800
          60           0      52.061       5.160     collect         840           0        1238           0       71089       26815       64800
          61           1      52.197       5.155     collect         600           0        1426           0       75700       42472       64800
          62           1      52.050       5.095     collect        2400           0        1166           0       74135       41632       64800
          63           1      52.143       4.986  distribute         960         124           0        7658       86400       41271       64800
          64           0      52.207       5.192  distribute         600         619           0       12537       86400       40313       64800
          65           1      51.985       5.100  distribute         840         598           0        7375       86400       26992       64800
          66           0      52.144       4.813  distribute        1080         787           0        9686       86400       27526       64800
          67           0      52.168       5.429  distribute        1080        1084           0       39256       86400       40861       64800
          68           1      52.162       4.940  distribute        1200        1493           0       23722       86400       27962       64800
          69           0      52.174       5.170  distribute         720         757           0         706       86400       26079       36135
          70           0      52.028       5.343  distribute         600         801           0       16778       86400       50524       58452
          71           1      52.079       5.243     collect         600           0         487           0       66377       39144       64800
          72           1      51.977       4.828  distribute         840         641           0        3338       86400       39608       64800
          73           1      52.209       5.181  distribute         720         489           0       15965       86400       30919       64800
          74           1      52.027       5.048     collect         840           0        1061           0       61696       39193       51990
          75           1      52.101       5.168  distribute         960         783           0        8658       86400       40818       64800
          76           0      52.210       4.915  distribute         960         859           0       34766       86400       40124       64800
          77           0      52.173       5.122  distribute         840        1293           0       25933       86400       27289       64800
          78           1      51.994       5.437  distribute         600        1473           0       18886       86400       29326       64800
          79           0      51.986       5.028     collect         960           0         955           0       72312       28599       64800
          80           0      52.089       4.989  distribute         960         209           0       13634       86400       27436       64800
          81           0      52.129       4.966     collect         960           0         392           0       69306       33193       64800
          82           0      51.983       4.891     collect        2160           0        4144           0       85868       30854       64800
          83           0      52.032       4.851  distribute         600         400           0       33267       86400       43066       64800
          84           1      52.023       4.944  distribute         840         478           0       33206       86400       38756       64800
          85           0      52.156       5.298  distribute         600        1486           0       13885       86400       27739       64800
          86           1      51.999       5.431     collect        1200           0         888           0       70644       30868       64800
          87           0      52.015       4.810     collect         720           0         534           0       79412       49742       54020
          88           0      52.111       5.218     collect        1680           0        1374           0       86110       35560       64800
          89           1      52.064       5.192  distribute         960          54           0        7127       86400       31306       40079
          90           1      52.019       5.172     collect         960           0         154           0       84980       28734       64800
          91           1      52.070       4.956     collect         960           0         878           0       72538       36122       64800