T_2_6_55_[0] 2 4 12 57

[Vehicle Types] - ID_veh_type, fixed_cost, variable_cost, Speed, Capacity, alpha, beta, max_time, max_drive_time
           0           0        1.50          80        3200        2400        2800       54000       22000
           1           0        2.20          50        7000        6000        6200       54000       32400

[Number of Vehicle Types] - ID_veh_type, ID_depot, number_of_vehicles
           0           0           8
           1           0           4
           0           1           8
           1           1           4

[Scheduled Lines] - ID_from, ID_to, cost_per_req, capacity, dep_time, arr_time
           0           1        0.01        7000        2494        4307
           0           1        0.01        7000       12269       14082
           0           1        0.01        7000       19266       21079
           0           1        0.01        7000       59123       60936
           0           1        0.01        7000       67716       69529
           0           1        0.01        7000       71468       73281
           1           0        0.01        7000        6330        8143
           1           0        0.01        7000       13212       15025
           1           0        0.01        7000       25915       27728
           1           0        0.01        7000       55658       57471
           1           0        0.01        7000       64114       65927
           1           0        0.01        7000       70763       72576

[Nodes/requests]: ID_node, ID_depot, lat, long, type, service_time, q_del, q_col, tw_depot_start, tw_depot_end, tw_cust_start, tw_cust_end
           0           0      51.982       5.149       depot           0           0           0           0       86400           0       86400
           1           1      52.115       5.349       depot           0           0           0           0       86400           0       86400
           2           1      52.111       5.213  distribute         960         989           0       28976       86400       29911       64800
           3           0      52.041       4.955  distribute        2400        3056           0       22002       86400       37511       64800
           4           0      51.988       5.047     collect         600           0         467           0       75716       31570       64800
           5           0      52.133       5.339  distribute         960         409           0        3433       86400       41221       64800
           6           0      51.998       5.288  distribute         960         932           0       25288       86400       35574       64800
           7           1      51.980       5.363     collect         960           0          63           0       85331       42374       64800
           8           0      52.005       5.418     collect        1080           0        1083           0       84883       35855       64800
           9           1      52.007       5.415     collect        1080           0         872           0       77228       42004       64800
          10           0      52.091       5.014     collect        1200           0        1421           0       78509       37854       64800
          11           0      52.156       4.865     collect        1080           0        1207           0       71717       41452       64800
          12           1      52.196       5.428     collect        1080           0         166           0       79850       33443       64800
          13           0      52.162       4.887  distribute        1080         113           0       30348       86400       42720       64800
          14           0      52.184       5.236  distribute        1080        1044           0       26922       86400       28021       64800
          15           1      52.023       4.883     collect         720           0         352           0       86281       35313       64800
          16           1      52.217       5.165     collect         600           0         986           0       68070       31935       64800
          17           1      52.080       5.341     collect         720           0        1379           0       84587       31945       64800
          18           0      52.016       5.075  distribute        1440         568           0       22119       86400       32922       64800
          19           0      52.069       5.324  distribute         720         640           0       30363       86400       32500       64800
          20           1      52.147       5.292     collect        1080           0         146           0       71902       25660       64800
          21           0      52.172       5.351  distribute        1080         783           0        9657       86400       34398       64800
          22           1      52.054       4.865  distribute         720        1129           0       31162       86400       39072       64800
          23           0      52.228       5.394  distribute         600         176           0       20225       86400       28915       64800
          24           1      52.101       5.252     collect        1200           0         327           0       70675       41150       64800
          25           0      52.222       4.972     collect        1080           0         697           0       80340       27217       64800
          26           0      52.057       4.901     collect         600           0        1330           0       72311       26800       64800
          27           1      52.146       5.404     collect         840           0         641           0       65474       30972       64800
          28           0      52.110       4.906     collect        1200           0        1422           0       73093       26971       36517
          29           0      52.090       5.000  distribute        1080        1043           0        5457       86400       41128       64800
          30           1      52.154       5.414  distribute         720         323           0        3539       86400       28173       64800
          31           0      52.042       5.384  distribute        1080        1037           0       23730       86400       30782       64800
          32           1      52.052       5.142     collect        1080           0         951           0       70684       31633       64800
          33           1      52.127       5.307  distribute        1200        1083           0        3289       86400       29855       64800
          34           0      51.989       4.854     collect         840           0         559           0       82401       29806       64800
          35           0      51.995       5.091  distribute        1080         524           0        2799       86400       40160       64800
          36           1      52.142       4.932     collect         840           0         465           0       82221       38952       64800
          37           1      52.051       5.105     collect         960           0        1324           0       74062       32153       37220
          38           1      52.062       5.053  distribute         600        1048           0       13959       86400       33172       64800
          39           0      52.073       5.379     collect         840           0        1125           0       82059       31763       64800
          40           0      52.101       4.868  distribute         960        1495           0        5114       86400       37689       64800
          41           1      52.043       5.043  distribute         840         791           0       31262       86400       40264       64800
          42           0      52.116       5.001     collect        1200           0         842           0       78308       28693       64800
          43           1      52.162       4.996     collect        2040           0        2376           0       71966       53785       63271
          44           1      51.982       5.106     collect         840           0         952           0       71881       33063       64800
          45           0      51.980       5.361     collect         840           0        1237           0       77203       32897       64800
          46           1      52.154       4.918  distribute         600        1015           0       18249       86400       34812       64800
          47           0      52.172       5.266     collect         960           0        1408           0       68144       40821       64800
          48           1      52.047       5.141     collect         960           0        1061           0       77951       34751       64800
          49           0      52.206       5.400  distribute        1080         690           0       36672       86400       39472       64800
          50           1      51.981       4.847     collect         840           0        1455           0       76115       41266       64800
          51           0      52.016       5.150     collect         840           0         784           0       72594       40151       64800
          52           1      52.193       5.143     collect         600           0         946           0       82678       31217       64800
          53           0      52.029       4.855  distribute         960        1218           0        2109       86400       32455       64800
          54           1      52.013       5.409  distribute         600        1251           0        2371       86400       36572       64800
          55           1      52.056       5.286     collect        1080           0        1310           0       76487       42083       64800
          56           0      52.165       5.271     collect        1200           0         530           0       69091       46807       59486