T_2_6_70_[0] 2 4 12 72

[Vehicle Types] - ID_veh_type, fixed_cost, variable_cost, Speed, Capacity, alpha, beta, max_time, max_drive_time
           0           0        1.50          80        3200        2400        2800       54000       22000
           1           0        2.20          50        7000        6000        6200       54000       32400

[Number of Vehicle Types] - ID_veh_type, ID_depot, number_of_vehicles
           0           0           8
           1           0           4
           0           1           8
           1           1           4

[Scheduled Lines] - ID_from, ID_to, cost_per_req, capacity, dep_time, arr_time
           0           1        0.01        7000        1289        2913
           0           1        0.01        7000       15077       16701
           0           1        0.01        7000       23004       24628
           0           1        0.01        7000       57448       59072
           0           1        0.01        7000       64450       66074
           0           1        0.01        7000       72283       73907
           1           0        0.01        7000        2453        4077
           1           0        0.01        7000       16487       18111
           1           0        0.01        7000       19851       21475
           1           0        0.01        7000       59778       61402
           1           0        0.01        7000       65574       67198
           1           0        0.01        7000       72387       74011

[Nodes/requests]: ID_node, ID_depot, lat, long, type, service_time, q_del, q_col, tw_depot_start, tw_depot_end, tw_cust_start, tw_cust_end
           0           0      52.028       4.919       depot           0           0           0           0       86400           0       86400
           1           1      52.184       4.992       depot           0           0           0           0       86400           0       86400
           2           0      52.191       5.252  distribute        1200        1085           0       11115       86400       36553       64800
           3           0      52.202       4.842     collect         960           0         121           0       46135       29426       34273
           4           1      52.233       5.323     collect         720           0         287           0       68196       29578       64800
           5           1      52.165       5.419  distribute         960         726           0        2426       86400       53052       62138
           6           0      52.057       5.338     collect        2280           0        2244           0       83928       39047       64800
           7           0      52.103       4.969     collect         600           0         980           0       78446       39830       64800
           8           1      52.011       4.842     collect        1080           0         504           0       74101       30010       64800
           9           1      52.181       4.992  distribute         720         155           0        4021       86400       37390       64800
          10           1      52.155       5.384  distribute         720         368           0       44080       86400       52356       65498
          11           0      52.036       5.289     collect         720           0          61           0       55589       34616       38634
          12           1      52.034       5.326  distribute        1080         614           0        8410       86400       32565       64800
          13           1      52.021       5.223     collect         720           0         370           0       75782       39681       64800
          14           1      52.075       4.835  distribute         600         675           0        8785       86400       29856       64800
          15           1      52.196       4.979  distribute         840         347           0       19159       86400       26339       64800
          16           1      51.987       5.311     collect        1080           0         989           0       70016       26332       64800
          17           0      52.020       4.877     collect         720           0        1453           0       70040       34407       64800
          18           0      52.240       5.039  distribute        2400         438           0        7595       86400       36577       64800
          19           0      52.102       5.346  distribute         720        1373           0        1895       86400       33034       64800
          20           1      51.993       5.003  distribute        1080        1105           0        3190       86400       31612       64800
          21           0      52.181       5.367  distribute        2280        4552           0       35684       86400       40268       64800
          22           1      52.104       5.206  distribute         720         668           0        3005       86400       38656       64800
          23           1      52.090       5.102     collect        1680           0        1542           0       66366       27131       64800
          24           0      52.128       5.068  distribute         600         168           0        9285       86400       28900       64800
          25           0      52.007       5.431     collect        1200           0         460           0       67848       31597       64800
          26           0      52.092       4.867  distribute        1200         286           0        6171       86400       34012       64800
          27           0      52.086       4.869  distribute         600        1427           0       18012       86400       40304       64800
          28           0      52.034       5.155     collect        1200           0         844           0       71606       29688       64800
          29           1      52.186       4.975  distribute         720          66           0       20994       86400       32415       64800
          30           0      52.114       4.902  distribute         600         501           0         213       86400       39761       46107
          31           0      52.004       4.988  distribute        1080        1257           0       34163       86400       42049       64800
          32           0      52.147       4.944  distribute         960         680           0       21044       86400       37043       64800
          33           1      52.129       5.044  distribute         600         485           0        4053       86400       37459       64800
          34           0      52.179       4.908     collect         600           0         661           0       76212       39559       64800
          35           0      52.010       4.878     collect         600           0        1014           0       76025       26898       64800
          36           0      52.166       5.043     collect         720           0         885           0       75225       42431       64800
          37           1      52.238       5.429  distribute         840         622           0       33116       86400       40825       64800
          38           0      52.033       5.261  distribute         840         330           0       23740       86400       34224       64800
          39           1      52.142       5.157  distribute         840         240           0       17667       86400       41100       64800
          40           1      52.109       5.215  distribute         840         264           0       19322       86400       49013       53935
          41           1      52.003       5.445     collect        1200           0         825           0       75835       41388       64800
          42           0      51.983       4.946  distribute         720        1166           0        8084       86400       25513       64800
          43           1      52.037       5.324  distribute         840        1104           0       32759       86400       41268       64800
          44           1      52.201       5.314  distribute        1560         962           0       28442       86400       50479       61408
          45           1      52.125       5.182     collect         720           0        1312           0       69520       28162       64800
          46           1      52.091       4.910  distribute        1080         367           0       11294       86400       40963       64800
          47           0      52.057       5.159     collect         720           0         116           0       71192       30670       64800
          48           0      52.079       5.080     collect         840           0        1118           0       74561       26998       64800
          49           1      52.111       5.198  distribute        1800        2840           0        4271       86400       32960       64800
          50           1      51.990       5.426     collect         840           0        1394           0       79568       43072       64800
          51           0      52.153       5.132     collect        1200           0        1265           0       74638       27368       64800
          52           0      52.088       4.947     collect        1200           0         635           0       86138       39182       64800
          53           1      52.014       4.853  distribute        1080         222           0       15791       86400       31089       64800
          54           1      51.995       5.283  distribute        1080         114           0       25135       86400       32646       64800
          55           1      52.140       4.928  distribute         960         398           0       37242       86400       40261       64800
          56           0      52.057       4.943     collect         960           0         273           0       83817       38528       64800
          57           1      52.052       5.048     collect         600           0         952           0       84185       26696       64800
          58           1      52.049       4.946  distribute         840         554           0       23373       86400       34940       64800
          59           0      52.013       5.423     collect         600           0        1046           0       77208       25383       64800
          60           1      52.149       5.061     collect        1920           0        2340           0       74539       25606       64800
          61           0      52.236       5.004     collect         840           0         386           0       71840       27868       64800
          62           0      52.218       5.146  distribute         600         224           0       21734       86400       37207       43228
          63           0      52.119       5.127     collect         840           0        1368           0       86380       37608       64800
          64           1      52.068       4.972  distribute        1080         507           0       14016       86400       31776       64800
          65           1      52.219       5.090     collect         600           0         727           0       68262       32655       64800
          66           0      52.187       5.175  distribute        1200        1442           0       24222       86400       33139       64800
          67           1      52.047       5.024     collect         960           0        1297           0       79870       33393       64800
          68           1      52.113       5.024  distribute         960         388           0        4570       86400       33566       64800
          69           1      52.001       5.071  distribute        1200         953           0       38165       86400       54443       57354
          70           0      52.225       5.075  distribute         600         434           0       25896       86400       30399       64800
          71           0      52.075       5.152     collect        2160           0         556           0       69423       34806       64800