T_2_6_25_[2] 2 4 12 27

[Vehicle Types] - ID_veh_type, fixed_cost, variable_cost, Speed, Capacity, alpha, beta, max_time, max_drive_time
           0           0        1.50          80        3200        2400        2800       54000       22000
           1           0        2.20          50        7000        6000        6200       54000       32400

[Number of Vehicle Types] - ID_veh_type, ID_depot, number_of_vehicles
           0           0           4
           1           0           2
           0           1           4
           1           1           2

[Scheduled Lines] - ID_from, ID_to, cost_per_req, capacity, dep_time, arr_time
           0           1        0.01        7000        3722        6824
           0           1        0.01        7000       13741       16843
           0           1        0.01        7000       25240       28342
           0           1        0.01        7000       57378       60480
           0           1        0.01        7000       65068       68170
           0           1        0.01        7000       76790       79892
           1           0        0.01        7000        5338        8440
           1           0        0.01        7000        9950       13052
           1           0        0.01        7000       21030       24132
           1           0        0.01        7000       60328       63430
           1           0        0.01        7000       62014       65116
           1           0        0.01        7000       77216       80318

[Nodes/requests]: ID_node, ID_depot, lat, long, type, service_time, q_del, q_col, tw_depot_start, tw_depot_end, tw_cust_start, tw_cust_end
           0           0      51.996       5.286       depot           0           0           0           0       86400           0       86400
           1           1      52.156       4.854       depot           0           0           0           0       86400           0       86400
           2           1      52.059       4.869  distribute         600        1278           0        9303       86400       25336       64800
           3           1      52.094       5.229  distribute         600        1352           0       14210       86400       33537       64800
           4           1      52.006       5.170     collect         600           0         593           0       75790       36504       64800
           5           0      52.104       5.252  distribute         600        1015           0         935       86400       27982       64800
           6           1      52.149       5.292     collect         960           0        1213           0       73806       42931       64800
           7           0      52.191       5.239     collect         720           0        1316           0       80224       31824       64800
           8           1      52.148       5.278  distribute        1200         176           0        5183       86400       56432       60061
           9           0      52.100       5.149     collect        1440           0        5024           0       81323       28775       64800
          10           1      52.179       5.270     collect         720           0         512           0       66365       31002       64800
          11           0      52.083       4.959  distribute         960          65           0       16330       86400       29931       64800
          12           1      52.233       5.148     collect         600           0        1419           0       69670       42011       64800
          13           0      52.139       5.385     collect        1200           0        1332           0       76881       26085       64800
          14           1      52.093       5.142     collect         600           0         416           0       69794       27495       64800
          15           1      52.219       5.168  distribute        2160        2319           0       16786       86400       28858       64800
          16           0      52.096       5.266  distribute        1080         121           0       23624       86400       35204       64800
          17           1      52.056       5.101  distribute        1200        1351           0        5739       86400       39391       64800
          18           0      52.200       5.298     collect         840           0         263           0       79294       51728       54158
          19           0      52.233       4.831  distribute         600        1178           0       19530       86400       38668       64800
          20           0      52.205       5.209     collect        1080           0         994           0       85572       42675       64800
          21           0      52.067       4.859     collect         720           0        1295           0       78591       42079       64800
          22           1      52.072       5.443     collect         840           0        1216           0       72119       39306       64800
          23           0      52.064       4.877     collect         720           0         645           0       76814       36916       64800
          24           0      52.005       4.967     collect        1200           0        1156           0       75617       26499       64800
          25           0      52.061       5.168  distribute         600          62           0       27913       86400       37136       64800
          26           0      52.135       5.331  distribute        1080        1384           0       21492       86400       32211       64800