T_2_6_15_[0] 2 4 12 17

[Vehicle Types] - ID_veh_type, fixed_cost, variable_cost, Speed, Capacity, alpha, beta, max_time, max_drive_time
           0           0        1.50          80        3200        2400        2800       54000       22000
           1           0        2.20          50        7000        6000        6200       54000       32400

[Number of Vehicle Types] - ID_veh_type, ID_depot, number_of_vehicles
           0           0           3
           1           0           1
           0           1           3
           1           1           1

[Scheduled Lines] - ID_from, ID_to, cost_per_req, capacity, dep_time, arr_time
           0           1        0.01        7000        3330        5332
           0           1        0.01        7000       13211       15213
           0           1        0.01        7000       23685       25687
           0           1        0.01        7000       59351       61353
           0           1        0.01        7000       65435       67437
           0           1        0.01        7000       73308       75310
           1           0        0.01        7000        6275        8277
           1           0        0.01        7000        9192       11194
           1           0        0.01        7000       18146       20148
           1           0        0.01        7000       58354       60356
           1           0        0.01        7000       61948       63950
           1           0        0.01        7000       72390       74392

[Nodes/requests]: ID_node, ID_depot, lat, long, type, service_time, q_del, q_col, tw_depot_start, tw_depot_end, tw_cust_start, tw_cust_end
           0           0      52.014       4.946       depot           0           0           0           0       86400           0       86400
           1           1      52.090       5.247       depot           0           0           0           0       86400           0       86400
           2           0      52.165       5.265     collect        1200           0         530           0       85970       38572       64800
           3           1      52.119       4.988  distribute        2280        2018           0       31365       86400       37803       64800
           4           0      52.162       5.003  distribute        1920        2486           0       19154       86400       27525       38004
           5           1      52.154       4.839  distribute        1800         177           0       16792       86400       31446       64800
           6           0      52.160       5.092     collect         600           0        1446           0       47582       32796       40783
           7           1      51.983       5.004     collect        1080           0         647           0       74980       39737       64800
           8           1      52.170       5.013  distribute        1080         457           0       23905       86400       35082       64800
           9           0      52.117       4.853  distribute         960         951           0       20703       86400       38024       64800
          10           0      52.121       4.949     collect         600           0         372           0       84633       33441       64800
          11           0      52.138       4.933  distribute        1560         351           0       36250       86400       39008       64800
          12           1      51.985       5.010  distribute        1320        1104           0       32327       86400       41647       64800
          13           1      52.229       5.413  distribute         720        1311           0       26315       86400       37226       43222
          14           1      52.141       5.032     collect         600           0         162           0       86304       42207       64800
          15           1      52.122       4.824  distribute        1560        1338           0       29787       86400       36885       64800
          16           0      52.157       5.300  distribute         960        1357           0       18373       86400       32248       64800