T_2_6_30_[0] 2 4 12 32

[Vehicle Types] - ID_veh_type, fixed_cost, variable_cost, Speed, Capacity, alpha, beta, max_time, max_drive_time
           0           0        1.50          80        3200        2400        2800       54000       22000
           1           0        2.20          50        7000        6000        6200       54000       32400

[Number of Vehicle Types] - ID_veh_type, ID_depot, number_of_vehicles
           0           0           5
           1           0           2
           0           1           5
           1           1           2

[Scheduled Lines] - ID_from, ID_to, cost_per_req, capacity, dep_time, arr_time
           0           1        0.01        7000        1586        2382
           0           1        0.01        7000       16685       17481
           0           1        0.01        7000       20035       20831
           0           1        0.01        7000       54400       55196
           0           1        0.01        7000       69072       69868
           0           1        0.01        7000       76715       77511
           1           0        0.01        7000        5529        6325
           1           0        0.01        7000        9963       10759
           1           0        0.01        7000       21281       22077
           1           0        0.01        7000       59076       59872
           1           0        0.01        7000       60907       61703
           1           0        0.01        7000       75413       76209

[Nodes/requests]: ID_node, ID_depot, lat, long, type, service_time, q_del, q_col, tw_depot_start, tw_depot_end, tw_cust_start, tw_cust_end
           0           0      52.105       5.402       depot           0           0           0           0       86400           0       86400
           1           1      52.044       5.319       depot           0           0           0           0       86400           0       86400
           2           0      52.186       5.276     collect         840           0         781           0       63236       43718       51948
           3           1      52.025       4.842  distribute        1320        1272           0       26034       86400       28464       64800
           4           1      52.024       4.975     collect        2280           0         608           0       81927       55195       58687
           5           0      52.125       5.238  distribute         600        1303           0       13681       86400       28034       64800
           6           1      52.040       5.423     collect         960           0        1347           0       69208       41147       64800
           7           0      52.112       5.250  distribute         840        1486           0        9334       86400       42316       64800
           8           1      52.097       5.417     collect        1080           0         652           0       82222       29911       64800
           9           1      52.002       5.199  distribute         960         654           0       23068       86400       28520       64800
          10           1      52.208       4.817     collect        2280           0        2420           0       84459       40829       64800
          11           0      52.178       5.367     collect        1200           0        1284           0       68970       41650       64800
          12           0      51.982       5.124     collect         600           0         937           0       72572       34560       64800
          13           1      52.168       5.346  distribute         600         398           0       25794       86400       37513       64800
          14           1      52.010       5.097  distribute        2160        3189           0        1629       86400       39244       64800
          15           0      52.076       5.244     collect         600           0         594           0       85065       40692       64800
          16           0      52.121       4.919     collect        1080           0         348           0       73753       35370       64800
          17           1      52.046       5.312     collect        1200           0         608           0       73578       36732       64800
          18           0      52.178       5.107     collect         840           0         304           0       80811       31923       64800
          19           0      52.123       5.321  distribute        1200        1274           0       16824       86400       40291       64800
          20           0      52.009       5.318  distribute        1200         602           0        1892       86400       33788       64800
          21           1      52.173       4.940  distribute        2040         705           0         321       86400       38878       64800
          22           0      52.100       5.403     collect        2280           0         540           0       72554       42200       64800
          23           1      52.160       4.986  distribute         840        1456           0        8134       86400       25289       64800
          24           1      52.179       5.158     collect        1560           0        1464           0       64338       49146       62609
          25           0      52.106       4.924  distribute         720         864           0        6112       86400       34985       64800
          26           0      52.229       4.843  distribute         840         891           0        2735       86400       34539       64800
          27           0      52.229       4.917     collect         960           0         948           0       68044       30648       64800
          28           1      52.090       5.097     collect         720           0        1295           0       76474       27677       64800
          29           1      52.081       5.211  distribute         720         291           0       32673       86400       33357       64800
          30           0      52.203       5.323     collect         960           0        1081           0       70062       40060       64800
          31           1      52.233       5.183     collect        1080           0         680           0       67560       38891       64800