T_2_6_90_[0] 2 4 12 92

[Vehicle Types] - ID_veh_type, fixed_cost, variable_cost, Speed, Capacity, alpha, beta, max_time, max_drive_time
           0           0        1.50          80        3200        2400        2800       54000       22000
           1           0        2.20          50        7000        6000        6200       54000       32400

[Number of Vehicle Types] - ID_veh_type, ID_depot, number_of_vehicles
           0           0          11
           1           0           5
           0           1          11
           1           1           5

[Scheduled Lines] - ID_from, ID_to, cost_per_req, capacity, dep_time, arr_time
           0           1        0.01        7000        7779        9140
           0           1        0.01        7000       14018       15379
           0           1        0.01        7000       20240       21601
           0           1        0.01        7000       55955       57316
           0           1        0.01        7000       68275       69636
           0           1        0.01        7000       71599       72960
           1           0        0.01        7000        8630        9991
           1           0        0.01        7000       16259       17620
           1           0        0.01        7000       22684       24045
           1           0        0.01        7000       58162       59523
           1           0        0.01        7000       66391       67752
           1           0        0.01        7000       74914       76275

[Nodes/requests]: ID_node, ID_depot, lat, long, type, service_time, q_del, q_col, tw_depot_start, tw_depot_end, tw_cust_start, tw_cust_end
           0           0      52.042       5.097       depot           0           0           0           0       86400           0       86400
           1           1      52.096       5.300       depot           0           0           0           0       86400           0       86400
           2           0      52.170       5.339  distribute         960         224           0       30539       86400       42906       64800
           3           0      52.122       5.011  distribute         840         956           0       28872       86400       41743       64800
           4           1      52.128       5.300     collect        1080           0        1063           0       78506       27132       64800
           5           0      52.103       4.883  distribute         720        1361           0       33155       86400       36156       64800
           6           1      51.979       4.933     collect        1080           0         925           0       80760       39281       64800
           7           0      52.091       5.393  distribute         840        1088           0        4128       86400       40700       64800
           8           1      52.150       5.350  distribute        1080        1474           0       17241       86400       38306       64800
           9           0      52.047       5.007     collect         960           0         610           0       72113       33239       64800
          10           0      52.094       4.871  distribute        1800        2296           0       19994       86400       30829       64800
          11           0      52.130       4.865     collect        1080           0         447           0       79380       42920       64800
          12           0      52.209       4.913     collect        1680           0        1482           0       77435       26698       64800
          13           1      52.064       5.071  distribute        1080         376           0        1426       86400       40319       64800
          14           0      52.154       5.214     collect         960           0         616           0       81678       36526       64800
          15           0      52.071       4.939  distribute        1080         948           0        7986       86400       38006       64800
          16           1      52.214       5.104     collect         840           0         127           0       69784       27353       64800
          17           0      52.070       4.859     collect         840           0         140           0       77448       26230       64800
          18           1      52.219       4.863  distribute        1080         761           0        2544       86400       25405       64800
          19           1      52.240       5.444     collect         600           0         793           0       69542       34095       64800
          20           1      51.978       4.924     collect        1200           0         271           0       82368       31964       64800
          21           1      52.217       5.396  distribute         600         532           0       20462       86400       29811       64800
          22           0      52.146       5.381     collect         600           0        1250           0       81926       37744       64800
          23           0      52.039       4.872     collect        2040           0        3795           0       69689       26238       64800
          24           1      52.072       5.014     collect        1080           0        1433           0       72090       29892       64800
          25           0      52.046       4.890  distribute         600         924           0       26042       86400       35355       64800
          26           0      52.142       5.222  distribute         840         934           0       22047       86400       28677       64800
          27           1      52.006       5.355  distribute        1200         199           0        8810       86400       29991       64800
          28           0      51.983       5.318     collect        1200           0         935           0       75304       32220       64800
          29           0      52.111       5.300     collect        1200           0         547           0       86393       42620       64800
          30           1      52.179       5.286  distribute         720         553           0       15054       86400       27247       64800
          31           0      52.220       5.009     collect         600           0         329           0       77763       35104       64800
          32           0      52.036       5.125  distribute         840         334           0        6127       86400       26412       64800
          33           0      52.165       5.429  distribute         960         219           0       34371       86400       38210       64800
          34           0      52.159       5.436     collect         840           0         132           0       72243       31465       64800
          35           1      52.009       5.233     collect        1200           0         873           0       72937       31760       64800
          36           1      52.047       4.860     collect        1080           0         249           0       79331       36808       64800
          37           0      52.115       4.956  distribute        1200         415           0       26950       86400       41498       64800
          38           1      52.049       4.810  distribute         960         347           0       23733       86400       38591       64800
          39           0      52.212       5.076  distribute        1080        1005           0       27293       86400       37564       64800
          40           1      52.047       5.182     collect         720           0        1350           0       74124       37083       64800
          41           0      52.177       5.120     collect        1920           0        2010           0       84037       41284       64800
          42           0      52.092       4.972     collect         840           0        1068           0       72512       35030       64800
          43           1      52.032       5.141     collect         960           0         673           0       65950       27521       64800
          44           1      52.126       5.159  distribute        1800        2746           0       27483       86400       29757       64800
          45           0      52.019       5.132  distribute         720         818           0       17363       86400       36787       64800
          46           0      52.218       5.309     collect         720           0         180           0       84446       39826       64800
          47           1      52.077       4.869     collect        2280           0        1372           0       79731       27653       64800
          48           0      52.080       4.826     collect         600           0         137           0       71605       39029       46558
          49           1      52.223       5.211  distribute         720         971           0       19428       86400       42555       56649
          50           1      52.120       5.363     collect         960           0         215           0       81005       41138       64800
          51           0      52.221       5.084  distribute        1920         556           0        3733       86400       27805       37619
          52           1      52.103       4.963     collect         840           0         357           0       82148       36625       64800
          53           1      52.130       5.216     collect         720           0         684           0       81421       26251       64800
          54           1      52.234       5.290     collect        1080           0         885           0       72245       26533       64800
          55           0      51.986       5.307     collect        1200           0        1019           0       82085       37127       64800
          56           0      52.107       4.921     collect         600           0        1025           0       78585       32341       64800
          57           1      52.135       4.987  distribute         600         225           0       24311       86400       42733       64800
          58           0      52.161       5.032     collect        1080           0         602           0       66736       26225       64800
          59           1      52.100       5.357     collect        1200           0         557           0       82457       37041       51316
          60           0      52.213       4.841  distribute        1080        1483           0       22240       86400       27064       64800
          61           0      52.201       4.839     collect         600           0         680           0       74142       32557       64800
          62           1      52.088       5.167  distribute         600         264           0       19339       86400       41772       64800
          63           0      52.068       5.051     collect        1200           0        1149           0       73747       38831       64800
          64           0      52.157       5.221  distribute        2160        4464           0       38327       86400       42977       64800
          65           1      52.003       4.845  distribute        1200        2928           0       10635       86400       26525       64800
          66           1      52.222       5.078     collect        1800           0        2142           0       67012       33361       64800
          67           0      52.047       5.167  distribute        1200         937           0        7139       86400       26770       64800
          68           1      52.145       5.419  distribute         960         731           0       20295       86400       33506       64800
          69           0      51.990       5.141  distribute        1080         333           0       14739       86400       33861       64800
          70           0      52.233       5.304  distribute        1200         652           0       28665       86400       33780       64800
          71           1      51.985       5.276     collect         600           0         863           0       68783       34937       64800
          72           1      52.193       4.914     collect        1200           0        1377           0       65036       45709       55022
          73           0      52.024       4.860  distribute        1080        1342           0        5090       86400       25634       64800
          74           1      52.007       5.302     collect         720           0         795           0       65485       35910       64800
          75           1      51.980       5.322  distribute        2160        1832           0        5214       86400       41852       64800
          76           0      52.047       5.137  distribute        1200         219           0        6472       86400       29478       64800
          77           0      52.035       4.939     collect         720           0         811           0       85059       40435       64800
          78           1      52.076       5.430  distribute        1080         195           0       10970       86400       30227       64800
          79           1      52.064       5.091  distribute         840         133           0       24483       86400       37112       64800
          80           1      52.189       5.220     collect         960           0         946           0       73748       35350       64800
          81           1      51.990       4.923  distribute        2280        2100           0       12430       86400       41766       64800
          82           1      52.030       5.013  distribute        2280        1700           0        1243       86400       31569       64800
          83           1      52.081       5.270     collect        1200           0        1268           0       86267       27769       64800
          84           1      51.996       5.228  distribute        1200         257           0       12971       86400       36313       64800
          85           1      52.127       5.384     collect         960           0        1301           0       66955       53032       64188
          86           0      52.120       5.320     collect         720           0        1468           0       83865       40844       64800
          87           0      52.210       5.025     collect         600           0         292           0       69336       27536       64800
          88           1      52.238       4.908  distribute         960          89           0       15394       86400       26807       64800
          89           1      52.198       5.136     collect         720           0         470           0       67110       40930       64800
          90           1      52.122       5.079     collect         600           0         798           0       65773       40570       64800
          91           0      52.038       5.011  distribute        2280        1724           0        9068       86400       42058       64800