T_2_6_65_[0] 2 4 12 67

[Vehicle Types] - ID_veh_type, fixed_cost, variable_cost, Speed, Capacity, alpha, beta, max_time, max_drive_time
           0           0        1.50          80        3200        2400        2800       54000       22000
           1           0        2.20          50        7000        6000        6200       54000       32400

[Number of Vehicle Types] - ID_veh_type, ID_depot, number_of_vehicles
           0           0           8
           1           0           4
           0           1           8
           1           1           4

[Scheduled Lines] - ID_from, ID_to, cost_per_req, capacity, dep_time, arr_time
           0           1        0.01        7000        7855        8527
           0           1        0.01        7000       15303       15975
           0           1        0.01        7000       20702       21374
           0           1        0.01        7000       58920       59592
           0           1        0.01        7000       67733       68405
           0           1        0.01        7000       73829       74501
           1           0        0.01        7000        2632        3304
           1           0        0.01        7000       15490       16162
           1           0        0.01        7000       19241       19913
           1           0        0.01        7000       58480       59152
           1           0        0.01        7000       67278       67950
           1           0        0.01        7000       77046       77718

[Nodes/requests]: ID_node, ID_depot, lat, long, type, service_time, q_del, q_col, tw_depot_start, tw_depot_end, tw_cust_start, tw_cust_end
           0           0      52.071       5.311       depot           0           0           0           0       86400           0       86400
           1           1      52.118       5.233       depot           0           0           0           0       86400           0       86400
           2           0      52.192       4.905  distribute         960         562           0       11737       86400       35992       64800
           3           0      52.171       4.835     collect        1200           0         251           0       70526       26803       64800
           4           0      52.087       5.119     collect        1200           0         559           0       67402       37629       64800
           5           1      51.988       5.149  distribute         720         524           0       27829       86400       39838       64800
           6           1      51.977       5.267  distribute        1200         377           0       25824       86400       38832       64800
           7           1      52.152       5.124     collect         720           0         930           0       69345       33010       64800
           8           1      52.199       5.094  distribute        1080         424           0       11126       86400       32855       64800
           9           0      52.190       4.975     collect        1200           0        1017           0       81622       31312       64800
          10           0      52.139       5.264  distribute         840        1240           0       26064       86400       36416       64800
          11           0      52.231       5.383  distribute        1800         660           0       34529       86400       37711       64800
          12           1      52.028       5.079  distribute         960        1144           0       31034       86400       40139       64800
          13           0      52.221       5.270  distribute        1080         605           0       14952       86400       40882       64800
          14           1      52.170       5.009  distribute         840        1224           0       11471       86400       26944       64800
          15           1      52.136       4.941  distribute         960         815           0       11073       86400       41876       64800
          16           1      52.184       4.897     collect        1800           0        1028           0       71187       27121       64800
          17           1      52.033       4.870  distribute         960         790           0       10144       86400       33279       64800
          18           0      52.096       5.196  distribute         720        1421           0       14370       86400       39587       64800
          19           1      52.134       4.941  distribute         960         490           0        6134       86400       42719       64800
          20           0      52.027       5.387  distribute        1560         766           0        3582       86400       35566       64800
          21           1      52.139       5.211     collect         840           0         390           0       66429       26976       64800
          22           1      52.209       5.094     collect        1200           0        1252           0       80624       37436       64800
          23           1      52.115       5.176  distribute         840        1294           0       38032       86400       39285       64800
          24           1      52.080       4.948     collect         840           0         704           0       75905       29346       64800
          25           1      52.011       5.244  distribute         960         863           0        5658       86400       34020       64800
          26           1      52.170       5.159     collect        1200           0        1498           0       81429       38122       64800
          27           1      52.201       5.117     collect        1200           0         637           0       68862       43003       64800
          28           1      52.019       5.248  distribute        1080         647           0       30384       86400       31507       64800
          29           0      52.183       5.328     collect        1200           0        4140           0       76366       31057       64800
          30           1      52.077       4.872     collect         600           0         591           0       69568       36415       64800
          31           1      52.232       5.443     collect        1200           0        2120           0       68525       40190       64800
          32           0      52.165       5.114     collect         600           0         604           0       70467       25276       64800
          33           0      52.060       4.815  distribute         840        1120           0        8108       86400       40557       64800
          34           1      52.209       4.810  distribute         720         193           0        6821       86400       34270       64800
          35           1      51.978       5.256     collect         600           0         201           0       75465       39119       64800
          36           1      52.185       5.191     collect         720           0         398           0       71327       25982       64800
          37           0      52.094       4.900  distribute         600         248           0        5622       86400       27717       64800
          38           0      52.215       4.971     collect         720           0         907           0       78019       32982       64800
          39           0      52.240       5.158     collect        1560           0         449           0       85795       25845       64800
          40           0      52.215       5.203  distribute         840         889           0       20348       86400       32833       64800
          41           1      52.175       5.157  distribute        2040        1366           0        2214       86400       33290       64800
          42           1      52.196       5.093     collect        1080           0         604           0       66427       41790       64800
          43           1      52.085       5.270  distribute         960        1275           0         757       86400       41890       51170
          44           0      51.983       5.085  distribute         600         193           0       13382       86400       44974       54920
          45           1      52.118       5.074  distribute         720         499           0       36446       86400       38139       64800
          46           0      52.028       5.419  distribute        1080         720           0       22414       86400       32918       64800
          47           1      52.172       5.320     collect         840           0          53           0       82391       28736       64800
          48           1      52.148       5.067  distribute         840         262           0       14264       86400       41716       45356
          49           0      52.207       4.970     collect         960           0         197           0       73241       39944       64800
          50           1      52.147       5.225     collect         600           0         365           0       81942       42112       64800
          51           0      52.169       5.314     collect         960           0        1252           0       70726       32281       64800
          52           0      52.094       5.349  distribute         960        1408           0       15957       86400       37549       41614
          53           1      52.129       5.348  distribute         720        1055           0       27314       86400       31779       64800
          54           1      52.020       4.948  distribute        1200         956           0       15419       86400       34445       64800
          55           1      52.037       5.447     collect         600           0         928           0       84879       42993       64800
          56           0      52.161       4.923  distribute        1080         779           0       21433       86400       31865       64800
          57           1      52.186       4.990     collect        1920           0         511           0       69539       30806       64800
          58           1      52.064       5.369     collect         960           0        1119           0       83377       41477       64800
          59           1      52.000       5.291     collect         720           0         984           0       73301       42652       64800
          60           1      52.168       5.397  distribute         600         218           0       25305       86400       29708       64800
          61           1      51.995       4.962  distribute         600          86           0        8418       86400       41624       64800
          62           0      52.180       4.896     collect        2160           0         811           0       84561       29821       64800
          63           1      52.149       5.244     collect        1200           0         493           0       75813       42432       64800
          64           0      52.085       5.410     collect        1080           0        1100           0       67479       27955       64800
          65           1      52.122       5.326  distribute        2160        5384           0       10488       86400       41264       64800
          66           0      52.171       5.265  distribute        1440        2396           0       25097       86400       29945       64800