T_2_6_200_[0] 2 4 12 202

[Vehicle Types] - ID_veh_type, fixed_cost, variable_cost, Speed, Capacity, alpha, beta, max_time, max_drive_time
           0           0        1.50          80        3200        2400        2800       54000       22000
           1           0        2.20          50        7000        6000        6200       54000       32400

[Number of Vehicle Types] - ID_veh_type, ID_depot, number_of_vehicles
           0           0          26
           1           0          12
           0           1          26
           1           1          12

[Scheduled Lines] - ID_from, ID_to, cost_per_req, capacity, dep_time, arr_time
           0           1        0.01        7000        3063        4488
           0           1        0.01        7000        9549       10974
           0           1        0.01        7000       20601       22026
           0           1        0.01        7000       59259       60684
           0           1        0.01        7000       67707       69132
           0           1        0.01        7000       70830       72255
           1           0        0.01        7000        4966        6391
           1           0        0.01        7000       10085       11510
           1           0        0.01        7000       25841       27266
           1           0        0.01        7000       55982       57407
           1           0        0.01        7000       60802       62227
           1           0        0.01        7000       74872       76297

[Nodes/requests]: ID_node, ID_depot, lat, long, type, service_time, q_del, q_col, tw_depot_start, tw_depot_end, tw_cust_start, tw_cust_end
           0           0      52.173       5.072       depot           0           0           0           0       86400           0       86400
           1           1      52.042       4.981       depot           0           0           0           0       86400           0       86400
           2           0      52.026       4.991  distribute        1080        1321           0        9364       86400       37537       42795
           3           0      52.236       5.017     collect        2400           0         721           0       82055       29967       64800
           4           0      52.042       5.083  distribute        1200          93           0       27115       86400       35625       64800
           5           0      52.000       4.856     collect         600           0         710           0       80532       34108       64800
           6           1      52.225       5.313     collect         600           0        1408           0       82994       33083       64800
           7           1      52.039       5.337     collect        2400           0         482           0       68348       25316       64800
           8           1      52.142       4.918     collect         960           0         370           0       71704       41801       64800
           9           1      52.113       4.936  distribute        1800        4820           0       17606       86400       29230       64800
          10           1      52.154       5.233  distribute         600         834           0       28725       86400       32355       64800
          11           0      52.088       5.161  distribute         960        1308           0       36263       86400       38559       64800
          12           0      52.060       5.436     collect        1080           0        1492           0       58098       42661       53787
          13           0      51.990       5.245     collect         720           0         707           0       71288       30285       64800
          14           0      52.083       5.322     collect        1080           0         724           0       79686       53367       56271
          15           0      52.160       5.245     collect        1080           0         180           0       70739       37485       64800
          16           1      52.069       5.450     collect         720           0         464           0       81968       28875       64800
          17           1      52.208       5.265  distribute        1560        2800           0       26492       86400       34941       64800
          18           0      52.098       5.413     collect        1560           0          51           0       68528       29287       64800
          19           1      52.030       5.097     collect        1200           0         874           0       69934       26042       64800
          20           0      52.055       4.995  distribute        1200         251           0        4395       86400       38326       50622
          21           0      52.001       5.119  distribute         960        1230           0       27799       86400       31856       64800
          22           0      52.008       5.291     collect        2400           0        3840           0       74435       36503       64800
          23           1      52.018       5.121     collect        2040           0        1086           0       72840       40896       64800
          24           1      52.167       5.352  distribute         720        1467           0        4983       86400       33933       64800
          25           0      52.206       5.039  distribute        2040        1363           0       30658       86400       31421       64800
          26           0      52.041       5.319     collect         840           0         763           0       67423       32700       64800
          27           1      51.994       4.940     collect         960           0         672           0       82418       39845       64800
          28           1      52.053       5.426  distribute         840        1482           0        6369       86400       32118       64800
          29           0      52.154       5.256  distribute        2400         774           0       29279       86400       39519       64800
          30           0      52.012       4.958  distribute        1080        1321           0       20109       86400       33930       64800
          31           1      52.163       5.304     collect        1920           0        3608           0       80208       29258       64800
          32           0      52.124       5.117     collect         600           0         693           0       67282       34161       64800
          33           0      52.039       5.272  distribute         600         869           0       21333       86400       37112       64800
          34           0      52.108       5.120     collect        1200           0         988           0       78401       40826       64800
          35           1      52.179       5.280  distribute        1080         820           0       33947       86400       42269       64800
          36           1      51.986       5.355     collect         840           0          80           0       67448       38617       64800
          37           0      51.994       4.878     collect         600           0        1125           0       75374       25595       64800
          38           1      52.216       5.212     collect        1080           0        1466           0       76607       40804       64800
          39           0      52.204       5.362     collect        1200           0        1231           0       70687       26168       64800
          40           1      52.082       4.899     collect        1920           0         804           0       85080       35862       64800
          41           1      52.084       5.368     collect         600           0        1396           0       71624       35645       64800
          42           1      52.198       4.962  distribute         960         897           0       16138       86400       36190       64800
          43           1      52.236       5.220  distribute         960         324           0        7367       86400       34954       64800
          44           1      52.155       4.874  distribute         840        1409           0       18024       86400       41816       64800
          45           1      52.064       5.269  distribute         720        1306           0       10529       86400       28203       64800
          46           0      52.068       5.363     collect        1440           0        1183           0       82686       31811       64800
          47           0      52.204       5.099  distribute         840        1430           0       18219       86400       27197       64800
          48           0      52.216       4.924  distribute        1200         920           0        7730       86400       39951       64800
          49           0      52.172       4.811     collect         840           0        1330           0       70228       32002       64800
          50           1      52.208       4.901     collect        1680           0         582           0       67978       25616       64800
          51           0      52.033       5.252     collect         600           0        1203           0       54277       25828       39162
          52           1      52.020       5.288  distribute        1560        4360           0       32500       86400       41286       64800
          53           0      51.976       5.261     collect         720           0         410           0       75838       25975       64800
          54           0      52.128       5.371  distribute        1200        1126           0        4741       86400       26153       36654
          55           1      52.010       5.162  distribute         960         151           0       35351       86400       41629       64800
          56           1      52.015       5.224  distribute         600         917           0       46169       86400       48211       54800
          57           1      51.985       5.147     collect         960           0        1140           0       57230       38745       52850
          58           0      52.059       5.426     collect         840           0         635           0       82339       28651       64800
          59           0      52.182       5.121     collect        1080           0        1312           0       76688       34806       43072
          60           0      52.215       5.110     collect         720           0        1001           0       66493       26366       64800
          61           1      52.022       5.359  distribute         960         609           0       27279       86400       34292       64800
          62           0      52.192       4.882  distribute         840         717           0       29434       86400       38316       64800
          63           1      52.190       4.912     collect         840           0        1071           0       75018       27730       64800
          64           1      52.170       5.037     collect        1200           0          62           0       79048       40057       64800
          65           1      52.138       4.971     collect        1320           0        2934           0       85082       35363       64800
          66           1      52.050       5.302     collect        1320           0         465           0       71859       26559       64800
          67           0      52.011       5.407  distribute        1080         439           0        6974       86400       32456       64800
          68           0      52.066       5.345  distribute         840         436           0       17095       86400       29175       64800
          69           1      52.222       5.164     collect        1920           0        1419           0       85228       27067       64800
          70           1      52.117       4.927     collect         840           0         250           0       70494       26105       64800
          71           0      52.221       4.940  distribute        1080         592           0       14586       86400       31771       64800
          72           0      52.012       5.191     collect        2160           0        2046           0       68742       38371       64800
          73           0      52.106       5.350  distribute         840         885           0        9112       86400       28326       40421
          74           1      52.029       4.837  distribute         960         308           0       17898       86400       34820       64800
          75           0      52.160       5.264     collect        1200           0        1246           0       74496       36047       64800
          76           0      52.233       4.872     collect         720           0        1239           0       74369       31166       64800
          77           1      52.017       4.817  distribute         720        1242           0        6175       86400       37237       64800
          78           1      52.046       5.004  distribute        1080        1182           0       10411       86400       30717       64800
          79           1      52.065       4.831  distribute         960          54           0       25795       86400       32269       64800
          80           0      52.102       4.934     collect        1080           0        1064           0       67926       25499       64800
          81           0      51.978       4.953     collect         960           0         847           0       68680       28244       64800
          82           1      52.035       5.415  distribute         840         286           0        9260       86400       36195       45259
          83           0      52.111       5.025  distribute        1200        1184           0        2585       86400       32938       64800
          84           0      52.235       5.299     collect        1200           0         325           0       86082       41919       64800
          85           1      52.219       5.349     collect         960           0          91           0       86344       25661       64800
          86           1      52.131       5.057     collect         840           0         773           0       69817       28874       64800
          87           0      52.040       4.965  distribute         600        1290           0        9899       86400       35630       64800
          88           1      52.234       5.024     collect         600           0        1330           0       75326       34796       64800
          89           1      52.106       5.124  distribute         840         292           0        7310       86400       40617       64800
          90           1      52.158       4.933  distribute        1200         511           0       17993       86400       29503       64800
          91           1      52.064       5.092     collect         840           0         141           0       83785       29148       64800
          92           1      52.025       5.132  distribute        1080         951           0       16327       86400       36151       64800
          93           0      52.157       5.172  distribute         600         697           0        9317       86400       31088       64800
          94           1      52.051       5.085  distribute         600         492           0        4959       86400       39793       64800
          95           1      51.990       5.386  distribute        1200         187           0       11052       86400       42261       64800
          96           0      52.192       5.135     collect        2160           0         654           0       82805       36002       64800
          97           1      52.076       5.045     collect        2400           0        1125           0       84297       28044       64800
          98           0      52.032       4.851  distribute         600        1143           0       27447       86400       33041       64800
          99           0      51.985       4.914  distribute         720        1312           0       23614       86400       39190       64800
         100           0      52.008       5.086  distribute         600        1417           0       17256       86400       36645       64800
         101           0      52.187       5.128     collect         840           0         182           0       72473       28466       64800
         102           1      52.225       5.041  distribute         960         990           0       10172       86400       30673       64800
         103           1      52.205       5.421  distribute         960          91           0       11849       86400       28858       64800
         104           0      52.230       4.910  distribute        2160        4200           0       30273       86400       32033       64800
         105           1      52.143       5.443     collect        1320           0        2883           0       69131       26292       64800
         106           0      52.034       5.401  distribute         840        1045           0        6544       86400       36010       64800
         107           1      52.094       5.033  distribute        1200        1291           0        9400       86400       25308       64800
         108           0      52.173       5.126  distribute         840         941           0         382       86400       36999       64800
         109           0      52.090       4.959  distribute         960        1349           0       12777       86400       25483       64800
         110           1      52.152       5.106  distribute         960         336           0        1733       86400       28586       64800
         111           0      52.076       5.117     collect         840           0        1383           0       84437       39761       64800
         112           1      52.221       4.905  distribute        1200         483           0       24351       86400       27147       64800
         113           0      52.092       5.307  distribute        1200        1005           0       12923       86400       32061       64800
         114           0      52.187       5.036     collect        2280           0        2134           0       71098       42122       55995
         115           0      52.177       5.328     collect         720           0        1058           0       77717       31441       64800
         116           1      52.110       4.819     collect        1920           0        2276           0       80660       27789       64800
         117           1      51.996       5.442  distribute        1200        1050           0        3425       86400       48725       57140
         118           0      52.065       5.427     collect        2160           0         374           0       75639       31612       64800
         119           0      52.167       4.839  distribute         840         959           0       25216       86400       32627       64800
         120           1      52.129       5.018     collect        1080           0         321           0       68692       29540       64800
         121           1      51.998       4.980     collect        1680           0        1341           0       77106       26883       64800
         122           0      52.006       5.378  distribute         960         128           0       12494       86400       41885       64800
         123           0      52.115       4.929     collect         600           0         594           0       71522       37276       64800
         124           1      52.111       5.418  distribute         960         411           0       20272       86400       29373       64800
         125           0      51.999       5.060     collect        1920           0        2790           0       70558       36216       64800
         126           0      52.187       5.200     collect        1200           0        2856           0       73118       25722       64800
         127           0      52.157       5.279     collect         960           0         524           0       85517       34522       64800
         128           1      52.132       5.134  distribute        1200        1486           0        7006       86400       30362       64800
         129           1      52.083       4.964     collect        1440           0        3528           0       80235       26105       64800
         130           1      52.057       5.311     collect         840           0         671           0       64318       34329       46548
         131           1      52.113       5.073  distribute         720         494           0       30708       86400       34088       64800
         132           1      52.080       5.261  distribute        1200         232           0        3288       86400       30053       64800
         133           1      52.130       5.158  distribute        1200         392           0        9840       86400       40608       64800
         134           1      52.228       5.004  distribute         720        1154           0       16340       86400       25456       64800
         135           0      52.035       5.329     collect        1320           0         399           0       72923       27375       64800
         136           1      52.054       5.050  distribute        1200        4179           0        5063       86400       37539       64800
         137           0      52.132       5.031     collect        1080           0        1341           0       77112       29997       64800
         138           1      52.199       5.415     collect        1680           0        1295           0       80569       31544       64800
         139           1      52.188       5.421  distribute        1200         913           0        8650       86400       28713       64800
         140           0      52.094       4.813  distribute         720         826           0        4917       86400       53184       56139
         141           0      52.151       5.312  distribute         600        1079           0       15688       86400       29528       64800
         142           0      52.124       4.981     collect         600           0         113           0       68409       30677       64800
         143           0      51.984       5.124  distribute         960        1356           0        2565       86400       39332       64800
         144           1      52.012       5.135  distribute         960         928           0       27212       86400       28347       64800
         145           0      52.104       4.999     collect         840           0        1139           0       73899       40504       64800
         146           1      52.219       4.885  distribute         840         295           0       12935       86400       30488       64800
         147           1      52.070       4.845     collect         720           0        1416           0       75271       31382       64800
         148           0      52.051       5.423  distribute         720         985           0        3231       86400       27076       64800
         149           1      52.166       5.221     collect         840           0         409           0       66121       42508       64800
         150           0      51.995       4.919     collect        1080           0         627           0       84334       39858       64800
         151           1      52.030       5.007     collect        1800           0         416           0       65032       30897       64800
         152           0      52.219       4.994  distribute        1080         963           0        1386       86400       38795       64800
         153           1      52.134       5.446  distribute         600          89           0         989       86400       31815       64800
         154           0      52.117       5.284     collect        1080           0         847           0       73724       36132       64800
         155           1      52.165       5.263     collect        1920           0        2764           0       71051       27379       64800
         156           0      52.160       5.049     collect        1080           0        1485           0       73599       42764       64800
         157           0      52.237       5.298     collect         600           0         630           0       83166       26601       64800
         158           0      51.983       4.877  distribute         840         612           0       19890       86400       42833       64800
         159           0      52.051       4.998     collect         840           0        1304           0       79287       31140       64800
         160           1      52.194       5.118     collect         840           0         891           0       75700       37982       64800
         161           1      52.062       5.248  distribute         600        1190           0        3913       86400       25852       64800
         162           1      52.052       4.856  distribute        1080         298           0         400       86400       35016       64800
         163           0      51.983       5.072  distribute         960         976           0       34070       86400       39273       64800
         164           1      52.181       5.065     collect        1200           0         592           0       81994       33920       64800
         165           1      52.089       5.284  distribute         720         612           0       13496       86400       35998       64800
         166           1      52.085       4.819     collect        1200           0        1457           0       69197       29881       64800
         167           1      52.114       5.419  distribute        1200         203           0       10352       86400       34232       64800
         168           0      52.007       5.077     collect         600           0         239           0       67306       40746       64800
         169           1      52.038       4.890     collect         600           0         128           0       81119       37505       64800
         170           0      52.065       5.444  distribute         840         139           0       26368       86400       37971       64800
         171           0      52.129       5.223  distribute         840         737           0       16665       86400       38824       64800
         172           1      52.001       5.150  distribute        1920         285           0       50025       86400       51373       57784
         173           1      52.051       4.821     collect         720           0         159           0       71569       27676       64800
         174           0      52.075       5.401     collect        1080           0         465           0       67612       36177       64800
         175           1      52.006       5.223  distribute         840         369           0       10704       86400       31480       64800
         176           1      52.022       5.371  distribute         960         583           0       15606       86400       27739       64800
         177           1      51.993       5.024     collect         720           0         779           0       76582       41677       64800
         178           1      52.023       5.293     collect         960           0         734           0       82026       31852       64800
         179           1      52.026       4.913     collect        1200           0        4068           0       79125       34047       64800
         180           1      52.053       4.903     collect        2040           0        3777           0       85363       27539       64800
         181           1      52.042       5.020  distribute        1920        1808           0       13068       86400       30849       64800
         182           0      52.172       5.119  distribute         960        1150           0       12392       86400       29029       64800
         183           0      52.079       5.081     collect        1680           0        1640           0       84802       29037       64800
         184           1      52.067       5.378     collect         840           0         494           0       84882       25922       64800
         185           1      52.009       5.098     collect        1080           0         890           0       76905       40913       64800
         186           0      52.122       5.183  distribute         720        1231           0       13947       86400       29824       64800
         187           1      52.067       5.322  distribute         720        1069           0       38483       86400       42587       64800
         188           1      52.142       4.826     collect         840           0         398           0       79629       42465       64800
         189           1      52.041       5.349     collect        1440           0        3488           0       68682       32734       64800
         190           1      52.069       5.236     collect        1560           0         244           0       76615       25803       64800
         191           1      52.110       5.166     collect        1800           0        1941           0       59282       39934       52422
         192           1      52.040       5.321  distribute         720         711           0       47777       86400       51261       56725
         193           1      52.224       5.112  distribute        1080        1255           0        7998       86400       34410       64800
         194           0      52.203       4.812  distribute        1200          71           0       25589       86400       30226       64800
         195           1      52.124       5.359  distribute         960         883           0        8050       86400       28878       64800
         196           1      52.018       5.234     collect         600           0         854           0       76365       31953       64800
         197           1      52.216       5.347     collect         960           0        1406           0       68203       32791       64800
         198           0      52.151       4.923  distribute        1200         962           0        7307       86400       40896       64800
         199           0      51.991       5.230     collect         960           0        1026           0       77366       42359       64800
         200           1      52.109       5.294  distribute        1680        3543           0        7448       86400       26329       64800
         201           0      52.073       4.968     collect         960           0        1085           0       80834       31484       64800