T_2_6_200_[1] 2 4 12 202

[Vehicle Types] - ID_veh_type, fixed_cost, variable_cost, Speed, Capacity, alpha, beta, max_time, max_drive_time
           0           0        1.50          80        3200        2400        2800       54000       22000
           1           0        2.20          50        7000        6000        6200       54000       32400

[Number of Vehicle Types] - ID_veh_type, ID_depot, number_of_vehicles
           0           0          25
           1           0          12
           0           1          25
           1           1          12

[Scheduled Lines] - ID_from, ID_to, cost_per_req, capacity, dep_time, arr_time
           0           1        0.01        7000        8113        8134
           0           1        0.01        7000       13082       13103
           0           1        0.01        7000       25460       25481
           0           1        0.01        7000       52391       52412
           0           1        0.01        7000       64228       64249
           0           1        0.01        7000       71013       71034
           1           0        0.01        7000        6589        6610
           1           0        0.01        7000       16987       17008
           1           0        0.01        7000       22141       22162
           1           0        0.01        7000       52744       52765
           1           0        0.01        7000       69079       69100
           1           0        0.01        7000       75345       75366

[Nodes/requests]: ID_node, ID_depot, lat, long, type, service_time, q_del, q_col, tw_depot_start, tw_depot_end, tw_cust_start, tw_cust_end
           0           0      52.055       5.020       depot           0           0           0           0       86400           0       86400
           1           1      52.056       5.023       depot           0           0           0           0       86400           0       86400
           2           0      52.114       4.923     collect         960           0         209           0       72165       31779       64800
           3           1      52.022       5.338  distribute        1200         283           0        7050       86400       33136       64800
           4           0      52.003       5.104  distribute        1920        4536           0       11514       86400       41986       64800
           5           1      52.046       5.130     collect         600           0         611           0       81542       30794       64800
           6           0      51.993       4.872     collect        1800           0        3933           0       81889       39070       64800
           7           0      52.135       4.930  distribute        1200        1226           0       17465       86400       32318       64800
           8           0      52.206       4.958     collect        1680           0        4800           0       83407       34337       64800
           9           1      52.147       4.912  distribute        2400         614           0        9655       86400       34972       64800
          10           0      52.025       5.042     collect        2280           0        4356           0       65371       40779       64800
          11           0      52.163       5.227     collect        1200           0        1392           0       65675       40945       64800
          12           1      52.011       5.324     collect        1080           0         565           0       73842       39060       64800
          13           1      52.169       5.201     collect         840           0         976           0       77570       41800       64800
          14           0      52.064       5.274     collect        1200           0         717           0       79596       50061       62869
          15           1      51.997       5.217  distribute        2040         518           0       13663       86400       32607       64800
          16           1      51.999       5.339     collect        1200           0        1490           0       78083       26013       64800
          17           1      52.082       5.086     collect        1200           0         391           0       71088       33323       64800
          18           0      52.194       5.161     collect         840           0        1293           0       64451       31210       45487
          19           1      52.171       5.398  distribute        1080         707           0        9461       86400       38989       64800
          20           1      52.083       5.127  distribute        1200         597           0       22286       86400       26782       64800
          21           0      52.097       5.056     collect         600           0         362           0       68882       36048       64800
          22           1      52.120       5.146  distribute         720         431           0       34549       86400       41276       64800
          23           1      51.984       4.836     collect        1200           0         709           0       74142       27790       32388
          24           1      52.039       5.114  distribute        1800        1260           0       20666       86400       37123       64800
          25           0      51.985       4.947     collect        2160           0         473           0       80867       33114       64800
          26           0      52.141       5.185  distribute        1080        1257           0       34659       86400       40239       43734
          27           0      52.028       4.955  distribute         840        1030           0        9032       86400       37880       64800
          28           0      51.986       5.398  distribute        1200        1172           0        6664       86400       30358       64800
          29           0      52.145       5.442     collect        1200           0         538           0       80314       49775       56083
          30           0      52.089       5.404     collect        1920           0        1336           0       82778       32371       64800
          31           1      52.073       5.343  distribute         720         443           0       29515       86400       39371       64800
          32           1      52.230       5.276     collect         840           0        1138           0       77345       48592       58460
          33           0      52.042       5.416  distribute        2040         663           0       12601       86400       39561       64800
          34           1      52.094       5.075  distribute        2040         657           0       12076       86400       40666       64800
          35           1      52.064       5.420  distribute         960         415           0       38605       86400       52963       63149
          36           1      52.181       5.088  distribute        1200         680           0        1018       86400       40135       64800
          37           1      52.192       4.931     collect         720           0         803           0       76715       55002       63961
          38           1      52.001       5.080     collect         960           0         497           0       85750       30506       64800
          39           1      52.164       5.202     collect        2280           0         978           0       80108       26897       64800
          40           1      52.114       5.402  distribute        1800         652           0       13218       86400       30158       34920
          41           0      52.147       4.913  distribute         840        1396           0       46356       86400       52173       60000
          42           0      52.079       5.071     collect        1320           0         530           0       80361       37121       64800
          43           1      52.190       5.261  distribute        1200        1612           0       11386       86400       40294       64800
          44           0      52.133       5.043     collect        1440           0         512           0       66777       42488       64800
          45           1      52.198       5.438  distribute         720        1168           0         115       86400       36756       64800
          46           0      52.028       5.067  distribute        1200         376           0          78       86400       36144       64800
          47           0      52.029       5.327     collect         840           0          90           0       68876       25513       64800
          48           0      52.000       5.044     collect        1200           0         872           0       70890       30125       64800
          49           1      52.186       5.225  distribute         720         509           0       22599       86400       29815       64800
          50           0      52.198       5.049  distribute         960         997           0       15042       86400       35969       64800
          51           0      52.158       5.399  distribute        1200        1101           0       19800       86400       27993       64800
          52           0      52.107       4.980     collect         960           0         117           0       81867       31163       64800
          53           1      52.222       5.186     collect        1080           0         655           0       76492       40936       64800
          54           1      52.229       5.336  distribute        2040        5944           0       28644       86400       40978       64800
          55           0      52.210       4.936  distribute         600         333           0       27561       86400       38135       64800
          56           0      52.155       5.259  distribute        1080         474           0       26601       86400       30184       64800
          57           0      52.223       5.015     collect        2160           0        3540           0       84702       41330       64800
          58           0      52.149       4.916     collect        1080           0        1275           0       82776       33082       64800
          59           1      52.007       5.204  distribute         600         976           0       25606       86400       32863       64800
          60           0      51.991       5.189     collect        1200           0         170           0       69226       38820       64800
          61           0      52.006       5.001     collect        1200           0        1302           0       85805       31423       64800
          62           0      52.104       5.376     collect        1200           0         217           0       81531       25210       64800
          63           1      52.135       5.177  distribute        1080          79           0       27961       86400       42523       64800
          64           0      52.054       5.110     collect         720           0         127           0       84868       39531       64800
          65           1      52.007       5.011  distribute         960        1063           0       21074       86400       42568       64800
          66           1      52.012       5.123     collect        1080           0         648           0       85887       36721       64800
          67           0      52.184       5.295  distribute        2280        1545           0        9020       86400       36949       64800
          68           1      52.073       5.319  distribute         600        1401           0        8543       86400       26655       64800
          69           1      52.206       5.050  distribute        1200         306           0       16295       86400       30859       64800
          70           1      52.107       5.289     collect        1320           0        2792           0       67481       41134       64800
          71           1      52.169       5.137     collect         720           0         154           0       78588       38140       64800
          72           1      52.155       5.353  distribute         720         918           0        1886       86400       29136       64800
          73           1      52.240       4.863  distribute        2040        4023           0       33169       86400       43190       64800
          74           1      52.005       4.857  distribute        1200         367           0       30058       86400       31159       64800
          75           1      51.988       5.222     collect        1920           0         352           0       76074       27891       64800
          76           0      52.127       5.426  distribute        1440        1648           0        8114       86400       39806       64800
          77           0      52.089       5.144  distribute         960         576           0       14350       86400       30925       64800
          78           0      52.159       4.900     collect         840           0         422           0       80526       29399       64800
          79           1      52.234       5.247     collect        2040           0        2250           0       76052       36201       64800
          80           1      52.152       5.318     collect        1680           0         454           0       73856       26807       64800
          81           0      52.060       5.118     collect         960           0         916           0       65895       32788       64800
          82           1      52.167       5.078  distribute        1200         356           0       12679       86400       37559       64800
          83           0      52.069       5.015     collect         840           0         943           0       75836       28984       64800
          84           1      52.204       4.830     collect        1440           0        5020           0       70915       30018       64800
          85           1      52.149       5.181  distribute         960        1391           0       26430       86400       27331       64800
          86           0      52.240       4.890  distribute         840         563           0       26523       86400       41403       64800
          87           1      52.177       5.177     collect         840           0        1312           0       82409       42095       64800
          88           1      52.112       5.242     collect         840           0        1283           0       72228       34053       64800
          89           0      52.214       5.305  distribute        1320         712           0       38445       86400       42471       64800
          90           1      52.169       5.026  distribute        1920        4192           0       10126       86400       40192       64800
          91           1      52.182       4.812  distribute         720        1374           0       34627       86400       36140       64800
          92           1      52.181       4.984     collect        1200           0         422           0       81168       56621       67288
          93           1      52.115       5.210  distribute        1080         473           0       33758       86400       40928       64800
          94           0      52.008       4.917     collect         600           0        1069           0       65895       38974       64800
          95           0      52.224       5.376     collect         600           0         531           0       75248       33090       64800
          96           0      52.111       5.020     collect         600           0         325           0       54953       30591       36033
          97           0      52.183       5.111     collect        1080           0        1031           0       78530       36595       64800
          98           0      52.139       5.027  distribute         720         169           0       19535       86400       39070       64800
          99           1      52.206       4.911     collect        1080           0        1458           0       83666       37715       64800
         100           0      52.236       5.099     collect         960           0         325           0       73533       32834       64800
         101           0      52.137       5.026  distribute        1920        4652           0        2591       86400       31031       64800
         102           0      52.014       4.914  distribute         720         203           0       17942       86400       41847       64800
         103           1      52.177       5.119  distribute        1080        1268           0       11586       86400       29836       64800
         104           1      52.094       4.835  distribute         960         473           0        2433       86400       31433       64800
         105           0      52.052       4.921     collect        1920           0        2553           0       75374       39823       64800
         106           1      52.148       4.951     collect         840           0        1070           0       86269       33601       64800
         107           0      52.102       5.089     collect         720           0         228           0       83579       25680       29185
         108           1      52.104       5.151  distribute         600        1331           0       11542       86400       30735       64800
         109           1      52.014       5.000  distribute        1200         499           0       14265       86400       32738       64800
         110           1      52.194       4.868     collect         840           0         388           0       78822       27422       64800
         111           1      52.088       5.004  distribute        1080         657           0       28716       86400       34970       64800
         112           0      52.062       5.414  distribute        1200         728           0       14883       86400       25620       64800
         113           1      52.018       4.914     collect         600           0         235           0       79893       41431       64800
         114           0      52.164       5.344  distribute        1200        1266           0       28993       86400       34427       64800
         115           1      52.111       4.948  distribute        2400         396           0       20856       86400       42052       64800
         116           0      52.223       4.996  distribute        1200         949           0       23805       86400       29332       64800
         117           0      52.072       5.322     collect        1080           0         859           0       72942       37147       64800
         118           1      52.078       5.028  distribute        1200         684           0        7886       86400       33683       41591
         119           1      52.002       5.435  distribute         720          72           0        6200       86400       29742       64800
         120           0      52.159       5.170     collect        1320           0        2572           0       80389       40241       64800
         121           0      52.032       5.057  distribute         960        1091           0       19234       86400       29835       64800
         122           0      52.174       4.864  distribute         600         562           0        2567       86400       25462       64800
         123           0      52.054       4.936     collect        2040           0         205           0       84947       38855       64800
         124           0      52.172       5.266     collect         720           0        1360           0       72594       32169       64800
         125           1      52.073       5.439  distribute         720         100           0       27696       86400       40316       64800
         126           1      52.031       4.925     collect        1920           0         559           0       66706       31601       64800
         127           0      52.166       4.930     collect         720           0        1215           0       75958       31117       64800
         128           0      52.017       4.951  distribute         720         920           0        2827       86400       42857       64800
         129           1      52.108       4.962  distribute        1320         891           0       22349       86400       33097       64800
         130           1      52.199       5.223     collect         600           0        1200           0       71898       29117       64800
         131           1      52.055       5.001  distribute        1080         949           0        4651       86400       25407       64800
         132           1      52.044       4.927  distribute         600        1179           0       11630       86400       26156       64800
         133           1      52.001       5.064  distribute         600        1296           0       34323       86400       35490       64800
         134           1      52.050       5.405  distribute         720         453           0       25767       86400       29958       64800
         135           0      52.125       5.143     collect         600           0          96           0       66400       41651       64800
         136           1      52.084       5.117     collect         600           0        1198           0       56944       41196       53790
         137           1      52.227       5.307     collect         960           0         552           0       75675       42145       64800
         138           0      52.160       4.999     collect         960           0         851           0       84744       32088       64800
         139           1      52.045       5.188  distribute         960         887           0       20349       86400       31972       64800
         140           1      52.053       5.220  distribute        1920         398           0       23727       86400       36696       64800
         141           0      52.032       5.088  distribute         960        1371           0       14446       86400       31940       44325
         142           0      52.060       5.344  distribute         840        1113           0        6514       86400       34786       64800
         143           0      52.224       4.978     collect        1080           0         985           0       75389       30741       64800
         144           1      52.082       5.140  distribute        2400         787           0       17161       86400       28968       64800
         145           0      52.131       5.200  distribute         600         922           0       29676       86400       35981       64800
         146           1      52.210       5.365  distribute         840         352           0        1955       86400       38166       64800
         147           0      52.059       5.043  distribute        1080        1076           0       21248       86400       28323       40302
         148           0      52.130       5.058  distribute         600        1442           0       17036       86400       35935       64800
         149           1      52.094       5.202     collect         720           0         817           0       71737       38656       64800
         150           1      52.160       4.855  distribute        1200         504           0       35867       86400       40694       64800
         151           0      52.029       5.064  distribute         960         932           0        1767       86400       41916       64800
         152           1      52.089       5.196     collect         720           0        1480           0       72724       34759       64800
         153           0      52.160       4.821  distribute         960        1081           0       16253       86400       37268       64800
         154           1      52.013       5.403  distribute         960         319           0       26117       86400       31515       64800
         155           0      52.098       5.350     collect        1200           0        1782           0       79285       31275       64800
         156           0      52.105       5.134  distribute        2040         794           0       26403       86400       33286       64800
         157           1      52.200       5.063  distribute        1080         508           0       23732       86400       29220       64800
         158           0      52.175       5.268  distribute        1440        5764           0       30946       86400       41580       64800
         159           0      52.234       5.041     collect         720           0        1259           0       79428       41374       64800
         160           1      52.139       5.123  distribute        1080         664           0       31480       86400       35626       64800
         161           1      52.040       4.879  distribute        1080          97           0       18585       86400       35871       64800
         162           1      52.240       5.013  distribute         840         286           0        3128       86400       41746       64800
         163           0      52.194       5.218  distribute         960        1301           0       21908       86400       38207       64800
         164           0      52.207       5.082  distribute         960         394           0        9412       86400       31490       64800
         165           0      52.093       5.255     collect        1080           0         262           0       72110       42987       64800
         166           1      52.046       5.174     collect        1800           0        1318           0       81387       39221       64800
         167           1      52.223       4.864     collect        1440           0        4272           0       70799       34118       64800
         168           1      52.206       4.992  distribute        1080         841           0        2720       86400       26072       64800
         169           1      52.194       4.880     collect        2280           0        2914           0       66638       30758       64800
         170           1      52.019       4.885  distribute        1680        2668           0       27610       86400       36373       50656
         171           0      51.982       5.422  distribute         720        1107           0        6301       86400       26423       64800
         172           1      52.192       5.166  distribute        1080        1047           0       19301       86400       31659       64800
         173           0      52.176       5.011  distribute         600         131           0       27476       86400       35942       64800
         174           1      52.008       5.354  distribute         720        1416           0       11888       86400       34929       64800
         175           0      52.173       5.093     collect         600           0         838           0       74945       47109       59945
         176           0      52.070       4.863  distribute        1800        1017           0       24194       86400       31911       64800
         177           1      52.018       4.913  distribute         960         819           0       17556       86400       36958       64800
         178           0      52.042       4.852  distribute        1080        1175           0        2629       86400       31971       64800
         179           0      51.992       5.001  distribute         840          84           0       12350       86400       33681       64800
         180           1      52.059       5.303     collect         840           0         947           0       75421       29064       64800
         181           0      52.030       5.055  distribute         600         733           0       16178       86400       36869       64800
         182           1      52.026       5.232  distribute         720        1012           0       28666       86400       34855       64800
         183           1      52.114       5.207  distribute         600         170           0        4499       86400       28570       64800
         184           0      52.154       5.149     collect         720           0         932           0       73429       27618       64800
         185           1      52.090       5.065  distribute        1200        1480           0       16210       86400       30560       64800
         186           1      52.194       5.326  distribute         600        1235           0        4771       86400       42786       64800
         187           1      52.224       4.902     collect         720           0         328           0       70866       35357       64800
         188           0      52.165       5.048  distribute        1680        1051           0        5790       86400       31487       64800
         189           1      52.178       4.977  distribute        1080         913           0       22453       86400       34469       64800
         190           1      52.027       5.099  distribute        2040        1182           0       14549       86400       37846       64800
         191           1      52.026       5.314     collect         600           0         184           0       69309       35741       64800
         192           1      52.025       4.953     collect        1200           0        1341           0       82153       42326       64800
         193           0      52.105       4.977     collect         840           0         692           0       70876       39289       64800
         194           1      52.144       5.111     collect        1080           0        1490           0       84424       29232       64800
         195           0      52.000       5.155     collect         840           0          56           0       78441       28643       64800
         196           1      52.189       5.255  distribute        1200         670           0        7758       86400       35394       64800
         197           0      51.997       4.868  distribute         960        1218           0       25582       86400       41497       64800
         198           0      52.092       5.409     collect        1200           0        1091           0       70144       39103       64800
         199           0      52.111       5.359  distribute         960         685           0       13791       86400       41772       64800
         200           0      52.001       5.405     collect         840           0        1484           0       78915       27573       64800
         201           0      52.170       4.820  distribute         720         999           0       15969       86400       30156       64800