T_2_6_65_[2] 2 4 12 67

[Vehicle Types] - ID_veh_type, fixed_cost, variable_cost, Speed, Capacity, alpha, beta, max_time, max_drive_time
           0           0        1.50          80        3200        2400        2800       54000       22000
           1           0        2.20          50        7000        6000        6200       54000       32400

[Number of Vehicle Types] - ID_veh_type, ID_depot, number_of_vehicles
           0           0           8
           1           0           4
           0           1           8
           1           1           4

[Scheduled Lines] - ID_from, ID_to, cost_per_req, capacity, dep_time, arr_time
           0           1        0.01        7000        4716        6809
           0           1        0.01        7000        9681       11774
           0           1        0.01        7000       21442       23535
           0           1        0.01        7000       52255       54348
           0           1        0.01        7000       61834       63927
           0           1        0.01        7000       71925       74018
           1           0        0.01        7000        7390        9483
           1           0        0.01        7000       15212       17305
           1           0        0.01        7000       19545       21638
           1           0        0.01        7000       57377       59470
           1           0        0.01        7000       60976       63069
           1           0        0.01        7000       72716       74809

[Nodes/requests]: ID_node, ID_depot, lat, long, type, service_time, q_del, q_col, tw_depot_start, tw_depot_end, tw_cust_start, tw_cust_end
           0           0      52.005       5.073       depot           0           0           0           0       86400           0       86400
           1           1      52.171       4.866       depot           0           0           0           0       86400           0       86400
           2           1      52.060       5.018  distribute         960         329           0       12989       86400       29738       64800
           3           0      52.163       5.072  distribute        1080         417           0       18253       86400       35060       64800
           4           1      51.980       5.211  distribute         960        1003           0       17479       86400       25922       64800
           5           1      52.024       5.340     collect        1200           0         795           0       76410       33974       64800
           6           1      52.156       5.159     collect         720           0         809           0       77056       35088       64800
           7           0      51.999       4.983     collect        1320           0         296           0       78365       33741       64800
           8           1      52.011       5.071  distribute        1080         355           0        8334       86400       31686       64800
           9           0      52.020       4.911     collect         600           0         381           0       78740       34939       64800
          10           0      52.021       5.392  distribute        1080         568           0        6555       86400       25715       64800
          11           1      52.110       5.153     collect         960           0        1397           0       78564       41697       64800
          12           0      52.229       5.308     collect        1080           0         953           0       73860       41929       64800
          13           1      52.183       5.225  distribute         840         142           0       33685       86400       35878       64800
          14           0      52.034       5.210  distribute         960         112           0       21548       86400       55348       61178
          15           0      52.194       5.275  distribute         840         669           0        9832       86400       39740       64800
          16           0      52.063       4.836     collect         720           0         583           0       74290       52243       57699
          17           1      52.122       5.299  distribute         840        1172           0       15675       86400       26030       64800
          18           1      52.194       5.311  distribute         840         817           0         915       86400       42276       64800
          19           1      52.134       5.097     collect        1560           0        1732           0       81586       41031       64800
          20           1      52.086       5.209  distribute         600          86           0       29354       86400       40309       64800
          21           1      52.100       5.424  distribute         720         190           0       24151       86400       35119       64800
          22           0      52.070       4.878     collect        1200           0         933           0       81702       37204       64800
          23           0      52.194       5.425  distribute         720         934           0       31967       86400       35949       64800
          24           1      51.997       5.014     collect        1200           0        1443           0       70359       27197       64800
          25           0      52.065       5.088     collect         600           0         195           0       75977       36473       64800
          26           0      52.118       5.175  distribute        1920         975           0       18442       86400       41982       64800
          27           0      52.080       4.917  distribute         960         380           0        2401       86400       40859       64800
          28           1      52.066       5.161  distribute        1800         540           0       24720       86400       30836       64800
          29           1      52.010       5.276     collect        2280           0         299           0       81325       39926       64800
          30           1      52.112       4.990     collect         720           0         744           0       67925       43173       64800
          31           1      52.212       5.200     collect         720           0         737           0       67497       27784       64800
          32           0      52.077       5.046     collect         720           0         421           0       67988       41096       64800
          33           0      52.066       5.319  distribute         960        1388           0       42000       86400       42994       64800
          34           1      52.224       5.166     collect         960           0        1361           0       68932       42990       64800
          35           1      52.061       5.159  distribute         960        1397           0       14513       86400       26385       64800
          36           0      52.036       5.008  distribute        1680         870           0          11       86400       40006       64800
          37           1      52.005       4.854     collect         960           0         108           0       79798       38076       64800
          38           0      52.115       5.276     collect         960           0        1056           0       67954       31468       64800
          39           0      52.002       5.278  distribute         960         618           0       13725       86400       30286       64800
          40           1      52.095       5.364  distribute        1200         986           0        6704       86400       34447       64800
          41           1      52.162       5.194     collect         960           0         483           0       73924       29353       34050
          42           0      52.202       5.169  distribute         840         791           0        9877       86400       30297       64800
          43           0      52.211       5.403     collect        1080           0         825           0       70543       37538       64800
          44           1      51.993       5.357     collect         600           0         975           0       85578       40434       64800
          45           0      52.118       4.873  distribute        1080         166           0       23846       86400       31645       64800
          46           1      52.021       5.307  distribute         600         376           0         137       86400       28089       64800
          47           1      52.064       5.340     collect         840           0         217           0       66655       37334       64800
          48           1      52.171       5.022     collect         600           0         346           0       85669       37208       64800
          49           0      52.137       4.877     collect        2040           0         956           0       82002       33889       64800
          50           0      52.192       5.008     collect         600           0         499           0       76263       33892       64800
          51           1      51.990       5.078  distribute        1320         840           0       20345       86400       29154       64800
          52           0      52.093       5.224     collect        1080           0         698           0       52227       30204       41045
          53           1      52.123       5.202  distribute        1200         522           0       29846       86400       39730       64800
          54           0      52.134       5.274  distribute         600         282           0       14305       86400       31889       64800
          55           1      52.045       5.229     collect        1440           0        1183           0       68592       43062       64800
          56           1      52.234       5.330     collect         600           0         310           0       71343       36355       64800
          57           0      52.215       5.344  distribute         960        1028           0       24342       86400       36042       64800
          58           1      52.134       5.039  distribute        1680        4164           0       34387       86400       37889       64800
          59           0      52.068       4.916  distribute         720         629           0        9433       86400       42818       64800
          60           1      52.022       4.932  distribute         840        1453           0       10828       86400       46934       60971
          61           0      51.980       5.421     collect         720           0          62           0       75805       55009       64726
          62           0      52.102       5.229  distribute        1920        3639           0       18498       86400       30843       64800
          63           0      52.037       5.242     collect        1200           0         428           0       68663       38579       64800
          64           1      52.190       5.086     collect         600           0         346           0       70428       40210       64800
          65           0      52.210       5.026  distribute        1200         712           0       13567       86400       40789       53152
          66           0      52.074       4.868  distribute        1080         987           0       13561       86400       27007       64800