T_2_6_80_[1] 2 4 12 82

[Vehicle Types] - ID_veh_type, fixed_cost, variable_cost, Speed, Capacity, alpha, beta, max_time, max_drive_time
           0           0        1.50          80        3200        2400        2800       54000       22000
           1           0        2.20          50        7000        6000        6200       54000       32400

[Number of Vehicle Types] - ID_veh_type, ID_depot, number_of_vehicles
           0           0          11
           1           0           5
           0           1          11
           1           1           5

[Scheduled Lines] - ID_from, ID_to, cost_per_req, capacity, dep_time, arr_time
           0           1        0.01        7000        2505        3258
           0           1        0.01        7000       11698       12451
           0           1        0.01        7000       19523       20276
           0           1        0.01        7000       54174       54927
           0           1        0.01        7000       64771       65524
           0           1        0.01        7000       71443       72196
           1           0        0.01        7000         231         984
           1           0        0.01        7000       14862       15615
           1           0        0.01        7000       20651       21404
           1           0        0.01        7000       57900       58653
           1           0        0.01        7000       65572       66325
           1           0        0.01        7000       69630       70383

[Nodes/requests]: ID_node, ID_depot, lat, long, type, service_time, q_del, q_col, tw_depot_start, tw_depot_end, tw_cust_start, tw_cust_end
           0           0      52.067       4.976       depot           0           0           0           0       86400           0       86400
           1           1      52.008       5.052       depot           0           0           0           0       86400           0       86400
           2           0      52.189       5.246     collect        1080           0         688           0       66003       26815       64800
           3           1      52.139       5.075  distribute        1800        1666           0       15259       86400       40774       64800
           4           0      52.012       5.385     collect        1320           0        1740           0       74767       35911       64800
           5           0      52.160       5.258  distribute        1200         718           0       23309       86400       45308       48112
           6           1      52.090       4.881  distribute         600        1029           0       12939       86400       26753       64800
           7           0      52.167       4.883     collect        1920           0         336           0       76900       29052       64800
           8           0      52.023       5.009  distribute        1800        1273           0       20909       86400       38880       64800
           9           0      52.106       5.290     collect         960           0         901           0       71730       27431       64800
          10           0      52.212       5.178  distribute        1080         930           0       19433       86400       25725       64800
          11           1      52.107       5.167  distribute         720        1387           0       20838       86400       37566       64800
          12           1      52.175       4.932  distribute         840         241           0       15670       86400       33838       64800
          13           1      52.135       5.033     collect         600           0        1375           0       78161       27854       64800
          14           1      52.201       5.167  distribute        1200        1694           0       22601       86400       26911       64800
          15           1      51.978       5.149  distribute        1080         273           0       24751       86400       30818       64800
          16           1      52.082       4.937  distribute         720         582           0       24186       86400       33083       36308
          17           1      52.173       4.812  distribute         720         528           0        3258       86400       26197       64800
          18           0      52.046       5.351  distribute         840         267           0        2934       86400       32639       64800
          19           1      52.106       5.084     collect        2160           0        3633           0       66893       33586       64800
          20           1      52.157       5.434  distribute         600         924           0       25013       86400       35906       64800
          21           0      52.096       5.326  distribute        1080         972           0        9786       86400       29274       64800
          22           0      52.223       5.117     collect        2160           0        3957           0       79011       37311       64800
          23           1      52.075       4.872     collect         960           0        1274           0       66950       30862       64800
          24           0      52.151       5.171     collect        1080           0          69           0       70625       26842       64800
          25           0      52.162       5.351     collect         720           0         791           0       73837       33317       64800
          26           1      52.228       5.011     collect         840           0         374           0       74329       32921       64800
          27           0      52.187       5.365     collect        1200           0         116           0       68018       29624       64800
          28           0      52.086       5.292     collect         960           0         753           0       77630       27460       64800
          29           0      52.003       4.937     collect         840           0         981           0       66022       30100       64800
          30           1      52.131       5.232  distribute         840        1482           0       17605       86400       27664       64800
          31           1      51.984       5.350     collect        1080           0         819           0       81244       37802       64800
          32           0      52.019       4.959     collect        1200           0        1112           0       84424       34928       64800
          33           1      52.204       5.326     collect         960           0         714           0       84880       27876       64800
          34           0      52.107       5.322     collect         840           0         900           0       77183       33032       64800
          35           0      52.173       5.259     collect         840           0         546           0       69416       26000       64800
          36           0      52.171       4.835     collect        1200           0         594           0       85953       36595       64800
          37           0      52.113       4.831     collect         840           0        1421           0       72992       26891       30699
          38           0      52.016       4.849  distribute        1680        1050           0       26949       86400       33213       64800
          39           0      52.080       5.245  distribute         960         249           0       12691       86400       28722       64800
          40           0      52.045       5.244  distribute         960        1289           0       21517       86400       32609       64800
          41           1      52.031       5.365     collect        1200           0          83           0       70103       28282       64800
          42           1      52.073       5.266     collect        1560           0         840           0       66945       33977       64800
          43           1      51.979       4.896  distribute         840        1346           0       29375       86400       42904       64800
          44           1      51.994       5.146     collect         840           0         141           0       69875       25939       64800
          45           1      52.031       5.374  distribute         960         120           0       11328       86400       32710       64800
          46           0      52.087       5.323     collect        1200           0         792           0       84562       33661       64800
          47           0      52.219       4.998  distribute         720         975           0       18462       86400       35977       64800
          48           0      52.216       4.900  distribute         720         741           0       28276       86400       30340       64800
          49           0      52.211       5.341     collect         840           0         620           0       70828       26995       64800
          50           0      52.140       5.283  distribute        2160        2972           0       20027       86400       40810       64800
          51           1      52.200       5.177  distribute         600         774           0       17200       86400       29632       32973
          52           1      52.165       5.380  distribute        1080         720           0        4998       86400       33704       64800
          53           1      52.069       5.439     collect         600           0        1067           0       78847       32428       64800
          54           1      52.071       4.818     collect         840           0         807           0       73610       36450       64800
          55           0      52.017       5.367     collect         840           0        1224           0       71345       28874       64800
          56           1      52.222       4.889     collect         600           0         516           0       51563       33141       41391
          57           1      52.040       4.822  distribute         720         112           0       15998       86400       29526       64800
          58           1      52.141       5.443     collect         960           0          98           0       70029       40134       64800
          59           1      52.055       5.140     collect        1080           0        1123           0       83270       35894       64800
          60           0      52.185       5.376     collect         720           0         788           0       68148       32424       64800
          61           0      52.088       5.319  distribute         600        1151           0        8539       86400       39843       64800
          62           0      52.069       5.310  distribute        1200        3045           0        5388       86400       31885       64800
          63           1      51.983       5.367     collect         840           0        1116           0       70705       30142       64800
          64           1      52.170       5.419     collect         720           0         991           0       70684       38318       64800
          65           1      52.224       5.418  distribute         720         705           0       25254       86400       36178       64800
          66           0      52.043       5.240     collect        1080           0         803           0       70819       28680       64800
          67           0      52.172       5.041     collect        1800           0        2160           0       73577       26934       64800
          68           0      52.083       5.152     collect         840           0        1081           0       65857       35812       64800
          69           0      52.146       5.039  distribute         960        1149           0       30279       86400       36729       64800
          70           0      52.223       5.037  distribute         840        1468           0        3246       86400       30286       64800
          71           1      52.201       4.845     collect        1920           0        1828           0       69448       41179       64800
          72           0      52.122       5.132  distribute        1200         199           0       40407       86400       53557       64110
          73           1      51.992       4.987     collect         720           0         606           0       67780       37826       64800
          74           1      52.034       5.077     collect         720           0         449           0       75269       28705       64800
          75           1      52.234       4.857     collect         600           0         852           0       82374       42138       64800
          76           0      52.018       5.025     collect        1200           0         838           0       72007       42904       64800
          77           1      51.991       4.956     collect         840           0         359           0       78416       37269       64800
          78           0      52.107       5.165  distribute         600        1111           0       11844       86400       35231       64800
          79           1      52.169       4.908     collect        1200           0        1321           0       69104       48662       52587
          80           0      52.178       4.861     collect        1080           0         248           0       76797       42858       64800
          81           0      51.992       4.936     collect         600           0        1495           0       81620       38421       64800