T_2_6_95_[1] 2 4 12 97

[Vehicle Types] - ID_veh_type, fixed_cost, variable_cost, Speed, Capacity, alpha, beta, max_time, max_drive_time
           0           0        1.50          80        3200        2400        2800       54000       22000
           1           0        2.20          50        7000        6000        6200       54000       32400

[Number of Vehicle Types] - ID_veh_type, ID_depot, number_of_vehicles
           0           0          12
           1           0           6
           0           1          12
           1           1           6

[Scheduled Lines] - ID_from, ID_to, cost_per_req, capacity, dep_time, arr_time
           0           1        0.01        7000        1113        3657
           0           1        0.01        7000       11117       13661
           0           1        0.01        7000       19569       22113
           0           1        0.01        7000       59869       62413
           0           1        0.01        7000       64548       67092
           0           1        0.01        7000       72711       75255
           1           0        0.01        7000        8255       10799
           1           0        0.01        7000       14811       17355
           1           0        0.01        7000       22558       25102
           1           0        0.01        7000       58227       60771
           1           0        0.01        7000       64856       67400
           1           0        0.01        7000       70290       72834

[Nodes/requests]: ID_node, ID_depot, lat, long, type, service_time, q_del, q_col, tw_depot_start, tw_depot_end, tw_cust_start, tw_cust_end
           0           0      52.082       5.236       depot           0           0           0           0       86400           0       86400
           1           1      52.007       4.841       depot           0           0           0           0       86400           0       86400
           2           0      52.213       4.837  distribute        1080        1174           0        4999       86400       34449       64800
           3           1      51.992       5.312     collect        1920           0        2616           0       83749       40008       64800
           4           1      52.008       5.195  distribute        1080        1170           0       24657       86400       25837       64800
           5           0      52.105       5.108     collect        1320           0        1761           0       67044       39784       64800
           6           0      52.175       4.874     collect        1440           0         321           0       76350       27465       64800
           7           0      52.197       5.317     collect        1080           0        1015           0       75299       55108       62548
           8           0      52.160       5.320  distribute        1200         145           0        6568       86400       42999       64800
           9           0      52.162       5.058     collect         720           0         610           0       68979       26083       64800
          10           0      52.190       5.130     collect        1320           0        2304           0       86046       42603       64800
          11           1      52.135       5.161     collect         720           0         550           0       86241       32867       64800
          12           0      52.108       5.371  distribute        1080         644           0        3217       86400       31985       64800
          13           1      52.005       5.081     collect        1080           0        1492           0       75945       39313       64800
          14           0      52.011       5.120     collect        1200           0        1066           0       82424       41581       64800
          15           0      52.082       5.419  distribute        1200        1142           0        2069       86400       37893       44924
          16           1      51.984       4.916  distribute        1200        1444           0       30115       86400       54374       59898
          17           1      52.124       5.179     collect        2400           0        2922           0       85857       43168       64800
          18           1      52.139       5.242  distribute         960         446           0        5307       86400       54205       68087
          19           0      52.046       4.813     collect        2160           0         381           0       82714       36912       64800
          20           0      52.176       4.876  distribute        1200         428           0       25247       86400       35568       64800
          21           1      52.238       5.113     collect        1800           0        2152           0       83423       35911       64800
          22           0      52.022       5.438     collect        1200           0         489           0       82502       34957       64800
          23           1      52.043       5.275  distribute        1200         954           0       17238       86400       31947       64800
          24           1      52.214       5.085  distribute         600         752           0        8880       86400       33778       64800
          25           1      52.181       4.874  distribute         720          76           0       15943       86400       36425       64800
          26           1      52.116       5.261     collect        1560           0        2432           0       81589       37649       64800
          27           1      51.979       4.964     collect         720           0         755           0       65613       25624       64800
          28           0      52.199       5.376     collect        2280           0          63           0       67750       32839       64800
          29           0      52.100       5.046     collect         960           0          91           0       72347       36664       64800
          30           0      52.203       5.135  distribute         600        1433           0        6601       86400       34562       64800
          31           1      52.107       5.297  distribute         960        1071           0       34888       86400       37886       64800
          32           1      52.110       4.912  distribute         840         647           0       37304       86400       39490       64800
          33           0      52.144       5.351     collect        1080           0         980           0       84540       33919       64800
          34           0      52.234       5.366     collect        1200           0         537           0       71455       41499       64800
          35           0      52.116       4.880     collect         960           0         548           0       62180       44072       55466
          36           1      52.079       5.121     collect         600           0        1204           0       78291       31457       64800
          37           0      52.037       5.446  distribute         600        1130           0        4521       86400       41604       64800
          38           0      52.085       4.826  distribute        1440        2432           0       24469       86400       39866       44396
          39           0      52.160       5.094     collect        1200           0         931           0       71129       39886       64800
          40           1      52.240       5.147     collect         840           0         271           0       78212       25309       64800
          41           0      52.136       5.107  distribute        1560        1485           0       20090       86400       38681       64800
          42           0      52.004       5.206  distribute        2040        3639           0       27837       86400       29619       64800
          43           1      52.147       5.150     collect         840           0        1108           0       75502       40711       64800
          44           1      52.140       5.386     collect        1320           0        5848           0       74571       38769       64800
          45           0      51.988       5.149     collect         840           0         210           0       82672       28663       64800
          46           1      52.125       5.041  distribute         600        1374           0       24570       86400       34758       64800
          47           0      52.006       4.882     collect         720           0         291           0       69238       31080       64800
          48           0      52.129       4.862     collect         840           0         498           0       83855       28900       64800
          49           0      52.111       5.418  distribute        1560        1248           0       18566       86400       25573       64800
          50           1      52.155       4.901     collect         600           0         852           0       85592       28080       64800
          51           0      52.050       4.812     collect        1560           0        1662           0       68134       37270       64800
          52           1      52.216       4.857     collect         840           0        1373           0       67029       32852       64800
          53           0      51.981       5.229     collect         600           0        1154           0       75303       32124       64800
          54           1      52.042       5.009     collect         960           0         496           0       69587       30624       64800
          55           0      51.998       5.316  distribute         960        1305           0       16642       86400       40934       64800
          56           1      52.163       5.351     collect        1080           0         782           0       84294       42900       64800
          57           0      52.145       5.372     collect         600           0        1181           0       65495       42818       64800
          58           0      52.003       4.856  distribute         840         950           0       15296       86400       33970       64800
          59           0      52.054       5.336     collect        1200           0        3525           0       65707       36469       64800
          60           0      52.047       5.315     collect        2280           0        3144           0       67589       27162       64800
          61           0      52.072       4.883  distribute        1200        2868           0        5880       86400       30848       64800
          62           1      52.025       5.278  distribute        1440        2608           0       14372       86400       25715       64800
          63           0      52.204       5.401  distribute        1560         864           0       28818       86400       35148       64800
          64           1      52.065       4.986  distribute         720        1259           0       26362       86400       27718       64800
          65           0      52.046       4.887  distribute         720         721           0       18006       86400       38160       64800
          66           1      52.157       5.259     collect        1080           0         568           0       73041       39036       64800
          67           1      52.234       5.387  distribute        1440        2391           0       27094       86400       30327       64800
          68           1      52.168       5.286     collect        1920           0        1071           0       77442       31452       64800
          69           1      51.982       4.936     collect         840           0        1111           0       78798       28408       64800
          70           0      52.239       5.267     collect         840           0         282           0       67159       26138       64800
          71           1      52.007       5.249  distribute         720        1243           0       10025       86400       41972       64800
          72           0      51.991       5.145     collect         720           0         829           0       73126       33131       64800
          73           0      52.151       4.954     collect        1800           0         812           0       81121       27687       39683
          74           0      52.020       4.860     collect         960           0        1170           0       76090       32337       64800
          75           0      52.024       5.342     collect        1440           0         560           0       77408       26881       64800
          76           1      52.003       5.219  distribute        1200        1116           0       14834       86400       32760       37981
          77           0      52.003       5.051  distribute         600        1144           0       41231       86400       43959       57344
          78           0      52.105       5.288  distribute        1080         481           0        3906       86400       41141       64800
          79           1      52.239       5.135     collect         720           0         604           0       69653       25667       64800
          80           0      52.065       4.857  distribute         840         591           0       21643       86400       34536       64800
          81           0      52.161       4.872  distribute         840         454           0       24300       86400       35256       64800
          82           0      52.164       5.348  distribute         600         412           0       22163       86400       35295       64800
          83           0      52.158       5.086  distribute        1200         864           0       30875       86400       41794       64800
          84           1      51.987       4.849     collect        1080           0         825           0       76310       26111       64800
          85           1      51.989       4.988     collect         960           0        1424           0       76373       35589       64800
          86           1      52.137       5.048  distribute        1200         661           0       12239       86400       25287       64800
          87           0      52.232       5.305  distribute        1440         404           0        7399       86400       32718       64800
          88           0      52.192       5.290     collect        1200           0         807           0       72435       36114       64800
          89           1      52.094       4.990  distribute        1200         742           0        1979       86400       29122       64800
          90           0      52.005       4.950     collect        1200           0         616           0       84943       41050       64800
          91           1      52.154       5.319  distribute         840         457           0        5755       86400       41231       64800
          92           1      52.125       5.395  distribute        1080        1183           0       12411       86400       42199       64800
          93           0      52.047       5.241     collect        1200           0         364           0       86054       34529       64800
          94           0      52.051       5.221  distribute         600         703           0       26990       86400       31713       64800
          95           1      52.130       4.895     collect         840           0        1288           0       68783       36969       64800
          96           1      52.110       5.099     collect        1200           0         326           0       72678       33862       64800