T_2_6_85_[0] 2 4 12 87

[Vehicle Types] - ID_veh_type, fixed_cost, variable_cost, Speed, Capacity, alpha, beta, max_time, max_drive_time
           0           0        1.50          80        3200        2400        2800       54000       22000
           1           0        2.20          50        7000        6000        6200       54000       32400

[Number of Vehicle Types] - ID_veh_type, ID_depot, number_of_vehicles
           0           0          11
           1           0           6
           0           1          11
           1           1           6

[Scheduled Lines] - ID_from, ID_to, cost_per_req, capacity, dep_time, arr_time
           0           1        0.01        7000        3651        4342
           0           1        0.01        7000       16600       17291
           0           1        0.01        7000       22443       23134
           0           1        0.01        7000       60234       60925
           0           1        0.01        7000       67303       67994
           0           1        0.01        7000       70217       70908
           1           0        0.01        7000        5556        6247
           1           0        0.01        7000        9590       10281
           1           0        0.01        7000       20137       20828
           1           0        0.01        7000       52113       52804
           1           0        0.01        7000       63904       64595
           1           0        0.01        7000       75615       76306

[Nodes/requests]: ID_node, ID_depot, lat, long, type, service_time, q_del, q_col, tw_depot_start, tw_depot_end, tw_cust_start, tw_cust_end
           0           0      52.055       5.005       depot           0           0           0           0       86400           0       86400
           1           1      52.124       5.005       depot           0           0           0           0       86400           0       86400
           2           1      52.005       5.341  distribute        1080          61           0       11764       86400       38943       48347
           3           0      52.068       5.188     collect         600           0         821           0       66139       40155       64800
           4           1      52.227       4.973  distribute        1080         604           0       16021       86400       41336       64800
           5           0      52.145       5.275     collect         840           0         710           0       79685       33590       64800
           6           1      51.986       5.043  distribute        1200         392           0       30633       86400       39847       64800
           7           1      52.195       4.868  distribute         720         280           0       17453       86400       32134       64800
           8           1      52.196       4.847  distribute        1200          62           0       16707       86400       38479       64800
           9           1      52.156       4.977  distribute         600         683           0       30442       86400       41301       64800
          10           0      52.161       4.953     collect        1080           0        1199           0       63290       47670       60688
          11           0      52.036       5.306  distribute         720         904           0       37650       86400       43193       64800
          12           1      52.112       5.378     collect        1200           0         429           0       84874       36936       64800
          13           0      52.018       5.082     collect         600           0         565           0       68822       46497       59614
          14           1      52.006       5.060  distribute         840        1160           0        3195       86400       31430       64800
          15           1      52.104       4.853  distribute        1200         641           0       24451       86400       37559       64800
          16           1      52.049       5.220     collect         600           0         570           0       83377       44974       51343
          17           1      52.193       5.398  distribute        1200         966           0        1888       86400       32059       64800
          18           1      52.142       5.254     collect        1440           0        1218           0       65481       38409       48393
          19           0      52.108       5.387  distribute         840         872           0        7222       86400       30347       64800
          20           0      51.977       4.949     collect         720           0        1254           0       71841       36368       64800
          21           1      52.106       5.208  distribute         960          97           0       42891       86400       48299       55889
          22           0      52.155       4.870  distribute         720         928           0        5940       86400       37277       64800
          23           0      52.028       5.108  distribute        1200         520           0       26739       86400       27799       64800
          24           1      52.161       5.276  distribute         720         393           0       38586       86400       50010       61420
          25           1      52.196       5.337     collect         960           0         172           0       85852       26966       64800
          26           1      51.987       5.041     collect         960           0         505           0       74805       34537       64800
          27           1      52.194       5.341     collect        1080           0         585           0       72235       39606       64800
          28           0      52.132       4.894  distribute        1080         898           0        6787       86400       34444       64800
          29           0      52.058       4.839     collect        1200           0         419           0       76775       36820       64800
          30           0      52.112       5.160  distribute         720         133           0        1962       86400       34116       64800
          31           1      51.991       5.112     collect        2280           0        1306           0       65804       27011       64800
          32           0      52.053       4.900  distribute        1800        1930           0       13334       86400       43233       49964
          33           0      52.074       5.019  distribute        1200         613           0        9132       86400       35643       64800
          34           1      52.056       5.062     collect         960           0         555           0       70670       30126       64800
          35           0      52.220       4.959  distribute        1200        1336           0        4074       86400       35183       64800
          36           1      52.067       5.414     collect        2160           0        2790           0       86079       30806       64800
          37           0      51.977       4.820  distribute        2040        1386           0        9542       86400       31394       64800
          38           1      52.074       5.184     collect        1320           0        3936           0       85215       41126       64800
          39           0      52.208       5.309     collect         720           0        1123           0       82284       27642       64800
          40           0      52.206       5.053     collect         600           0        1076           0       76995       33529       64800
          41           1      52.137       4.967  distribute         960         298           0       12846       86400       25429       64800
          42           0      52.049       5.428     collect        1080           0         895           0       85965       43015       64800
          43           0      52.015       5.176     collect        1080           0         576           0       78590       39726       64800
          44           1      51.980       4.895     collect         960           0         875           0       83374       40154       64800
          45           0      52.077       5.253  distribute        1080         860           0       17878       86400       41307       64800
          46           0      52.037       5.398     collect        1200           0         450           0       67378       41885       64800
          47           1      52.140       4.909     collect         600           0         275           0       71045       36576       64800
          48           0      52.084       5.341     collect        1680           0        5000           0       70768       34608       64800
          49           0      52.052       5.430     collect        1200           0         523           0       79680       30114       64800
          50           1      52.056       4.902     collect         720           0         932           0       59035       39616       43109
          51           1      52.019       5.390  distribute        1200         375           0       25146       86400       33257       64800
          52           0      52.099       4.852  distribute        1080         836           0        6909       86400       46210       54772
          53           0      52.158       5.215     collect        1200           0         894           0       82641       30573       64800
          54           1      52.054       5.232     collect        2400           0        1496           0       77972       31813       64800
          55           0      52.051       5.094  distribute        1200        1368           0        4064       86400       39535       64800
          56           0      52.056       5.113  distribute         840         837           0       35169       86400       42198       64800
          57           1      52.195       5.075  distribute        1080         283           0       25145       86400       31283       64800
          58           0      51.996       4.889     collect         720           0         973           0       81193       42880       64800
          59           0      51.981       5.421     collect         600           0         972           0       82271       35019       64800
          60           0      52.231       5.199  distribute         840        1358           0        9505       86400       30768       64800
          61           1      52.025       5.081     collect         720           0         549           0       82120       25788       64800
          62           0      51.983       4.867     collect         720           0         960           0       73818       33892       64800
          63           1      52.170       5.125     collect        1080           0         372           0       79368       29984       64800
          64           1      51.986       5.239     collect         600           0         477           0       73443       35672       64800
          65           1      52.163       4.936  distribute        1080        1356           0        6558       86400       31926       36041
          66           1      52.190       5.290     collect         960           0        1408           0       54030       36393       47987
          67           0      52.078       5.306  distribute         840         984           0       19804       86400       39039       64800
          68           0      52.019       5.301  distribute        1200        1432           0       26881       86400       37017       64800
          69           1      52.080       4.994  distribute        1080        1138           0       16804       86400       36914       64800
          70           1      52.146       5.196     collect         960           0         103           0       85857       39582       64800
          71           1      52.082       4.957  distribute         600        1073           0       35174       86400       40751       64800
          72           1      52.230       4.928  distribute        1800        1458           0       21893       86400       34059       64800
          73           0      52.040       5.363     collect         600           0        1385           0       85864       41809       64800
          74           0      52.119       5.419  distribute        1200        1286           0         390       86400       40688       64800
          75           0      52.045       5.173     collect        1440           0         813           0       68755       30484       64800
          76           1      52.051       5.253     collect         840           0        1369           0       70972       37236       51582
          77           0      52.008       5.111     collect         960           0        1478           0       76832       34883       64800
          78           0      52.015       4.902     collect         600           0        1089           0       75505       36844       64800
          79           1      52.011       5.258  distribute         960        1328           0       25838       86400       42720       64800
          80           0      52.094       5.321  distribute         600         478           0       28433       86400       35187       64800
          81           1      52.143       4.933  distribute         960         490           0       16953       86400       34046       64800
          82           0      52.017       5.316     collect         720           0         672           0       84823       40773       64800
          83           0      52.020       5.058  distribute        1800        2122           0       13831       86400       36648       64800
          84           0      52.160       5.157     collect        1080           0          56           0       85116       30206       64800
          85           0      52.064       5.017     collect         600           0        1402           0       68639       37462       64800
          86           1      52.197       5.297     collect        1560           0        1956           0       80394       38486       64800