T_2_6_45_[1] 2 4 12 47

[Vehicle Types] - ID_veh_type, fixed_cost, variable_cost, Speed, Capacity, alpha, beta, max_time, max_drive_time
           0           0        1.50          80        3200        2400        2800       54000       22000
           1           0        2.20          50        7000        6000        6200       54000       32400

[Number of Vehicle Types] - ID_veh_type, ID_depot, number_of_vehicles
           0           0           6
           1           0           3
           0           1           6
           1           1           3

[Scheduled Lines] - ID_from, ID_to, cost_per_req, capacity, dep_time, arr_time
           0           1        0.01        7000        6547        9985
           0           1        0.01        7000       16716       20154
           0           1        0.01        7000       20540       23978
           0           1        0.01        7000       53740       57178
           0           1        0.01        7000       67867       71305
           0           1        0.01        7000       76811       80249
           1           0        0.01        7000        4551        7989
           1           0        0.01        7000       14211       17649
           1           0        0.01        7000       19799       23237
           1           0        0.01        7000       56679       60117
           1           0        0.01        7000       62615       66053
           1           0        0.01        7000       71407       74845

[Nodes/requests]: ID_node, ID_depot, lat, long, type, service_time, q_del, q_col, tw_depot_start, tw_depot_end, tw_cust_start, tw_cust_end
           0           0      52.088       5.377       depot           0           0           0           0       86400           0       86400
           1           1      52.217       4.858       depot           0           0           0           0       86400           0       86400
           2           1      52.165       5.007  distribute        1080         452           0       16015       86400       37440       40413
           3           0      52.001       5.271  distribute         720        1419           0       18264       86400       28370       64800
           4           1      52.158       4.900  distribute         720         477           0       22280       86400       29363       64800
           5           0      52.204       5.391  distribute        1200         824           0       33455       86400       43020       64800
           6           0      52.082       4.951     collect         960           0         880           0       41075       26698       35185
           7           1      51.982       5.364  distribute         840         447           0       30402       86400       39954       64800
           8           0      52.124       5.088     collect        1200           0        1316           0       74590       31746       64800
           9           1      51.991       4.947     collect         960           0         233           0       67824       41806       64800
          10           0      52.157       5.102  distribute        1080        1102           0       13902       86400       33612       64800
          11           0      51.997       5.265     collect         600           0         163           0       74009       36258       64800
          12           1      52.011       4.824  distribute        1080         100           0       17484       86400       25294       64800
          13           1      52.026       5.314     collect        2400           0        1296           0       79018       29694       64800
          14           1      52.069       5.356  distribute        1200        2652           0       30530       86400       42943       64800
          15           0      52.017       5.366  distribute        1440        1005           0       12130       86400       34657       64800
          16           1      52.089       4.978  distribute         840        1262           0        8422       86400       42049       64800
          17           0      51.991       5.298     collect         840           0         707           0       85833       32180       64800
          18           1      52.067       5.092     collect         960           0        1308           0       79578       33539       64800
          19           0      52.174       5.366     collect         960           0         169           0       73600       31851       64800
          20           0      52.238       5.136  distribute         600         245           0        7818       86400       33997       47307
          21           1      52.109       4.955     collect        1800           0        1117           0       69511       26861       64800
          22           0      52.197       5.286  distribute         720         484           0        5153       86400       34762       64800
          23           1      52.020       5.274  distribute         600         126           0       16176       86400       36190       64800
          24           1      52.212       5.201  distribute         960         976           0        8928       86400       27900       64800
          25           0      52.201       5.360     collect        1080           0         839           0       80631       56026       64864
          26           0      52.166       5.408  distribute        1200        1137           0        1821       86400       28110       64800
          27           1      52.235       4.984     collect         600           0         341           0       84185       30171       64800
          28           0      52.170       4.877     collect        1080           0         677           0       83588       40410       64800
          29           0      52.131       5.172     collect        1680           0         182           0       78101       39095       64800
          30           1      52.144       4.981  distribute        2160        3975           0       19276       86400       39814       64800
          31           1      51.978       5.234     collect        2280           0        4872           0       80048       51064       61260
          32           0      52.177       4.865     collect         960           0        1082           0       76066       32772       64800
          33           1      52.040       5.246     collect         720           0          50           0       82841       42012       64800
          34           1      52.183       5.057  distribute        1200        1405           0       37740       86400       42677       64800
          35           1      52.209       5.004     collect         960           0         345           0       66350       39011       64800
          36           1      52.003       4.869     collect         600           0         393           0       69315       27323       64800
          37           0      52.208       4.827     collect         600           0         184           0       85895       49212       62571
          38           1      52.011       4.865     collect         840           0         613           0       83329       38600       64800
          39           0      52.168       5.349  distribute         720         986           0       17998       86400       38748       64800
          40           1      52.234       5.006     collect         840           0          80           0       69515       51869       55163
          41           1      52.224       5.052  distribute         840         409           0        9675       86400       37097       64800
          42           0      52.049       5.369     collect         960           0         213           0       74013       41183       64800
          43           1      52.162       5.307  distribute        1200        4410           0        2823       86400       26813       64800
          44           0      52.067       4.927  distribute        1560        1440           0       21044       86400       25532       64800
          45           0      52.193       5.279  distribute         840        1289           0       13246       86400       37730       64800
          46           1      52.156       5.114     collect        1200           0         686           0       79554       31563       64800