T_2_6_85_[1] 2 4 12 87

[Vehicle Types] - ID_veh_type, fixed_cost, variable_cost, Speed, Capacity, alpha, beta, max_time, max_drive_time
           0           0        1.50          80        3200        2400        2800       54000       22000
           1           0        2.20          50        7000        6000        6200       54000       32400

[Number of Vehicle Types] - ID_veh_type, ID_depot, number_of_vehicles
           0           0          10
           1           0           5
           0           1          10
           1           1           5

[Scheduled Lines] - ID_from, ID_to, cost_per_req, capacity, dep_time, arr_time
           0           1        0.01        7000        7916        9922
           0           1        0.01        7000       11867       13873
           0           1        0.01        7000       24646       26652
           0           1        0.01        7000       53395       55401
           0           1        0.01        7000       61599       63605
           0           1        0.01        7000       75408       77414
           1           0        0.01        7000        8300       10306
           1           0        0.01        7000       11382       13388
           1           0        0.01        7000       22429       24435
           1           0        0.01        7000       59554       61560
           1           0        0.01        7000       65883       67889
           1           0        0.01        7000       72257       74263

[Nodes/requests]: ID_node, ID_depot, lat, long, type, service_time, q_del, q_col, tw_depot_start, tw_depot_end, tw_cust_start, tw_cust_end
           0           0      51.977       5.064       depot           0           0           0           0       86400           0       86400
           1           1      52.114       4.826       depot           0           0           0           0       86400           0       86400
           2           1      52.022       5.264  distribute         720         964           0       20362       86400       32381       64800
           3           0      52.044       5.392  distribute        1200         301           0       25571       86400       40640       64800
           4           1      52.157       4.859     collect         960           0         443           0       77470       35333       64800
           5           0      52.141       5.342  distribute         720        1195           0       19573       86400       36664       64800
           6           1      52.228       5.240  distribute         960         875           0       18896       86400       26189       64800
           7           1      52.144       5.086  distribute        1200         511           0        1122       86400       26352       64800
           8           0      52.046       5.039  distribute        1080          72           0       11954       86400       30278       64800
           9           0      52.142       4.931     collect         960           0        1073           0       80150       34530       64800
          10           1      52.074       5.284  distribute        2040         410           0       17686       86400       32423       64800
          11           1      52.047       4.985     collect         960           0         272           0       85879       46520       49271
          12           0      52.232       4.979     collect         840           0         346           0       74541       26021       64800
          13           1      52.192       5.110  distribute        1080         545           0        7118       86400       38770       64800
          14           1      52.016       4.878  distribute         960         207           0        5610       86400       37298       64800
          15           0      52.238       4.910  distribute        1440        2958           0       24314       86400       31068       64800
          16           0      52.085       5.331     collect         720           0         597           0       83957       42545       64800
          17           0      51.999       4.819     collect        1200           0          63           0       80226       54922       65393
          18           1      52.152       5.184     collect        1200           0        1075           0       83432       33090       64800
          19           0      52.216       5.068  distribute         600        1251           0       23902       86400       36763       64800
          20           0      52.043       5.258  distribute         600        1071           0       19062       86400       25957       33843
          21           0      52.049       5.357  distribute        1920        2634           0         117       86400       34035       64800
          22           1      52.158       5.323     collect         840           0         852           0       84647       32630       64800
          23           1      52.222       5.071     collect         720           0         570           0       86297       29169       64800
          24           0      52.137       4.866  distribute        1080         574           0       20231       86400       30129       64800
          25           1      52.113       4.956  distribute         840         904           0       23118       86400       39621       64800
          26           1      52.151       4.853  distribute         720         811           0       26696       86400       30532       64800
          27           0      52.041       4.985     collect         960           0        1428           0       58543       26370       33531
          28           1      52.201       5.157     collect         600           0         523           0       79800       26680       64800
          29           0      52.010       5.309     collect        1080           0        1013           0       84074       34888       64800
          30           0      52.108       5.208     collect         960           0         422           0       67879       32061       64800
          31           1      52.044       5.212     collect         600           0         528           0       72901       33690       64800
          32           1      52.211       5.340     collect        1800           0        2124           0       73890       27801       64800
          33           0      52.224       5.037  distribute         600        1198           0       15641       86400       28865       64800
          34           0      52.128       4.897  distribute        1080         639           0       15785       86400       36148       64800
          35           1      52.102       5.369  distribute        1080         402           0       18562       86400       36794       64800
          36           1      52.044       5.246     collect         960           0          62           0       83089       36993       64800
          37           1      52.203       5.146  distribute         960        1331           0       12584       86400       36683       64800
          38           0      51.979       5.189  distribute         960        1120           0       24452       86400       41976       64800
          39           0      52.238       5.277     collect         960           0        1055           0       67860       42207       64800
          40           1      52.018       5.404     collect         600           0         628           0       85368       35943       64800
          41           0      52.035       4.939  distribute        1080         182           0       26034       86400       39771       64800
          42           0      52.237       4.853     collect        1200           0        1048           0       76643       38687       64800
          43           1      52.082       5.094  distribute         600         645           0       30895       86400       34037       64800
          44           1      52.046       5.067     collect        2280           0        2560           0       81156       37887       64800
          45           0      52.124       5.410     collect         960           0        1199           0       52486       32972       47006
          46           0      52.085       5.401  distribute         960         334           0       26517       86400       29011       64800
          47           1      52.148       5.290     collect        2280           0         478           0       77842       39555       64800
          48           0      51.999       5.047     collect        1080           0         369           0       72994       39573       64800
          49           1      52.157       5.043     collect        1560           0        2517           0       70934       26013       64800
          50           1      51.991       5.356     collect        1080           0         548           0       85545       28301       64800
          51           0      52.231       5.180  distribute        1200        1222           0       20690       86400       30084       64800
          52           1      52.091       5.085  distribute        1800        2670           0       25555       86400       33810       64800
          53           1      51.986       4.837     collect         600           0        1187           0       74112       34347       64800
          54           1      52.054       5.298     collect        1560           0        3675           0       85592       29183       64800
          55           0      52.234       5.013  distribute         840         188           0       27653       86400       31239       64800
          56           1      52.039       5.424  distribute         600         981           0       18185       86400       36071       64800
          57           1      52.172       5.052     collect        1200           0         132           0       78072       36323       64800
          58           1      52.097       5.174     collect        1200           0         341           0       69485       34982       64800
          59           1      52.112       4.920     collect         720           0         208           0       83941       28324       64800
          60           0      52.207       4.903  distribute        1200        1788           0       35281       86400       42810       64800
          61           0      52.097       5.158     collect         840           0         460           0       76492       31612       64800
          62           1      52.132       4.816  distribute        2400        4311           0       25049       86400       27210       64800
          63           0      52.057       5.310     collect        1080           0         600           0       75356       33523       64800
          64           1      52.230       5.063  distribute        1200         130           0       20523       86400       27248       64800
          65           0      52.133       5.077  distribute         960        1252           0        5629       86400       35006       64800
          66           0      52.006       5.149     collect        1200           0        1228           0       55014       36890       41756
          67           1      51.991       5.209  distribute        1200         175           0       26930       86400       42409       64800
          68           0      52.178       4.925     collect         720           0         142           0       62740       40700       44649
          69           0      52.188       5.295  distribute         720         795           0       26479       86400       39670       64800
          70           1      52.186       4.824     collect        2400           0        2802           0       75433       42556       64800
          71           1      52.010       5.145     collect         960           0        1245           0       71413       35449       64800
          72           1      52.078       4.837     collect        1200           0         378           0       74148       28042       64800
          73           1      52.028       5.402     collect        1080           0         254           0       83322       28426       64800
          74           1      52.152       5.241     collect        1200           0         817           0       85947       31070       64800
          75           1      52.228       5.181     collect        2280           0         123           0       70581       38942       64800
          76           0      51.979       5.433  distribute         960         149           0       12478       86400       40150       64800
          77           1      52.093       5.188  distribute         720         594           0       27598       86400       37610       64800
          78           0      52.045       5.278     collect        2040           0        1644           0       85226       25772       64800
          79           1      52.007       4.820     collect         600           0         900           0       85058       28702       64800
          80           1      52.157       5.011     collect        2280           0         864           0       70132       41915       64800
          81           0      52.225       5.156     collect        1440           0        5416           0       81654       30834       64800
          82           0      52.045       5.062  distribute         720         357           0        2898       86400       38050       64800
          83           1      52.109       4.833  distribute         840        1430           0       33783       86400       37721       64800
          84           1      52.187       5.356     collect        1200           0        2508           0       85992       40882       64800
          85           1      52.190       5.022  distribute        1320        4197           0       17085       86400       30994       64800
          86           0      52.059       5.238     collect        1200           0         122           0       83473       39060       64800