T_2_6_25_[1] 2 4 12 27

[Vehicle Types] - ID_veh_type, fixed_cost, variable_cost, Speed, Capacity, alpha, beta, max_time, max_drive_time
           0           0        1.50          80        3200        2400        2800       54000       22000
           1           0        2.20          50        7000        6000        6200       54000       32400

[Number of Vehicle Types] - ID_veh_type, ID_depot, number_of_vehicles
           0           0           3
           1           0           2
           0           1           3
           1           1           2

[Scheduled Lines] - ID_from, ID_to, cost_per_req, capacity, dep_time, arr_time
           0           1        0.01        7000        3376        5984
           0           1        0.01        7000       16067       18675
           0           1        0.01        7000       19343       21951
           0           1        0.01        7000       56194       58802
           0           1        0.01        7000       67366       69974
           0           1        0.01        7000       71546       74154
           1           0        0.01        7000        3372        5980
           1           0        0.01        7000       15550       18158
           1           0        0.01        7000       22467       25075
           1           0        0.01        7000       53442       56050
           1           0        0.01        7000       62782       65390
           1           0        0.01        7000       69771       72379

[Nodes/requests]: ID_node, ID_depot, lat, long, type, service_time, q_del, q_col, tw_depot_start, tw_depot_end, tw_cust_start, tw_cust_end
           0           0      52.195       5.211       depot           0           0           0           0       86400           0       86400
           1           1      52.039       4.871       depot           0           0           0           0       86400           0       86400
           2           1      52.179       5.398     collect         720           0         908           0       84123       41654       64800
           3           1      52.222       5.282  distribute        1200         698           0        8322       86400       42408       45066
           4           0      52.077       5.132  distribute        1680         292           0        3327       86400       42094       64800
           5           1      52.073       5.341  distribute         600        1085           0       11275       86400       38683       64800
           6           0      52.062       5.343     collect        1080           0         243           0       85919       36584       64800
           7           0      52.195       5.191     collect         720           0         687           0       77991       26668       64800
           8           0      52.197       5.291     collect        2040           0         160           0       78357       27289       64800
           9           1      52.069       5.436     collect         720           0         819           0       67226       38778       64800
          10           0      52.182       5.243     collect         960           0         468           0       78007       43083       64800
          11           1      52.196       5.335     collect        1680           0        1214           0       67393       30971       64800
          12           0      52.099       5.113  distribute         720         242           0       14028       86400       37486       64800
          13           0      52.163       4.913  distribute        2400        2660           0        8793       86400       28286       64800
          14           1      52.037       5.062  distribute        1200         761           0        4092       86400       42425       64800
          15           1      52.018       5.332     collect         840           0         119           0       82892       28265       64800
          16           0      52.169       5.160  distribute        1200        1049           0       16171       86400       25900       64800
          17           0      51.982       5.086  distribute         600         346           0       14022       86400       37302       64800
          18           0      52.100       5.122  distribute         840         725           0        8518       86400       38995       64800
          19           1      52.158       5.446  distribute         840         238           0       19204       86400       40746       64800
          20           0      52.206       4.875     collect        1200           0        1359           0       82165       33298       64800
          21           0      51.984       5.026     collect         720           0          69           0       69430       33281       64800
          22           0      52.056       5.419     collect         840           0         156           0       69934       41817       64800
          23           0      51.976       5.064     collect        1920           0        5164           0       76539       32546       64800
          24           0      52.136       4.869  distribute         600         360           0       12215       86400       29961       64800
          25           0      52.083       4.932  distribute         720         785           0        1389       86400       38066       64800
          26           1      52.059       4.948  distribute        1080        1495           0       13349       86400       26666       64800