T_2_6_20_[0] 2 4 12 22

[Vehicle Types] - ID_veh_type, fixed_cost, variable_cost, Speed, Capacity, alpha, beta, max_time, max_drive_time
           0           0        1.50          80        3200        2400        2800       54000       22000
           1           0        2.20          50        7000        6000        6200       54000       32400

[Number of Vehicle Types] - ID_veh_type, ID_depot, number_of_vehicles
           0           0           4
           1           0           2
           0           1           4
           1           1           2

[Scheduled Lines] - ID_from, ID_to, cost_per_req, capacity, dep_time, arr_time
           0           1        0.01        7000        1301        2608
           0           1        0.01        7000       11226       12533
           0           1        0.01        7000       23939       25246
           0           1        0.01        7000       55257       56564
           0           1        0.01        7000       61931       63238
           0           1        0.01        7000       76214       77521
           1           0        0.01        7000        7784        9091
           1           0        0.01        7000       14808       16115
           1           0        0.01        7000       19423       20730
           1           0        0.01        7000       56028       57335
           1           0        0.01        7000       65198       66505
           1           0        0.01        7000       75019       76326

[Nodes/requests]: ID_node, ID_depot, lat, long, type, service_time, q_del, q_col, tw_depot_start, tw_depot_end, tw_cust_start, tw_cust_end
           0           0      52.186       5.093       depot           0           0           0           0       86400           0       86400
           1           1      52.102       4.930       depot           0           0           0           0       86400           0       86400
           2           0      52.021       5.014  distribute         720         505           0       25868       86400       48186       51835
           3           1      52.080       5.227     collect        1080           0         884           0       77798       35435       64800
           4           0      52.205       4.918     collect         960           0        1486           0       83721       28539       32771
           5           0      51.978       5.187  distribute        1440        2318           0       17773       86400       29549       64800
           6           1      52.188       5.325     collect         720           0        1259           0       85924       34820       64800
           7           0      52.240       4.842     collect         600           0        1197           0       71824       33574       64800
           8           1      52.076       5.007  distribute        1080         409           0        7291       86400       39249       64800
           9           0      52.048       5.402     collect        1920           0        2637           0       66587       30381       64800
          10           1      52.045       5.110     collect        2280           0         994           0       82173       38556       64800
          11           0      52.031       5.142     collect         840           0         425           0       84609       34410       64800
          12           0      52.078       4.961     collect        1440           0         603           0       67970       35628       45053
          13           1      52.207       5.251  distribute        1200         628           0       29346       86400       38410       64800
          14           0      52.032       5.399  distribute        1080        1350           0       16078       86400       35590       64800
          15           1      52.058       4.942     collect         720           0         763           0       80405       29369       64800
          16           0      52.089       5.426     collect         840           0        1237           0       77543       26936       64800
          17           1      52.211       4.956  distribute         960        1126           0        9892       86400       35948       64800
          18           0      52.137       5.297     collect         960           0         620           0       69722       27356       64800
          19           0      52.122       4.903     collect         960           0         766           0       83996       32455       46643
          20           0      51.996       5.161  distribute         840        1371           0       22328       86400       34653       64800
          21           0      52.062       5.209  distribute         720        1160           0       19577       86400       38904       64800