T_2_6_75_[1] 2 4 12 77

[Vehicle Types] - ID_veh_type, fixed_cost, variable_cost, Speed, Capacity, alpha, beta, max_time, max_drive_time
           0           0        1.50          80        3200        2400        2800       54000       22000
           1           0        2.20          50        7000        6000        6200       54000       32400

[Number of Vehicle Types] - ID_veh_type, ID_depot, number_of_vehicles
           0           0          11
           1           0           5
           0           1          11
           1           1           5

[Scheduled Lines] - ID_from, ID_to, cost_per_req, capacity, dep_time, arr_time
           0           1        0.01        7000        4349        7318
           0           1        0.01        7000       12497       15466
           0           1        0.01        7000       17606       20575
           0           1        0.01        7000       56635       59604
           0           1        0.01        7000       67177       70146
           0           1        0.01        7000       75361       78330
           1           0        0.01        7000        6920        9889
           1           0        0.01        7000       14704       17673
           1           0        0.01        7000       24850       27819
           1           0        0.01        7000       58390       61359
           1           0        0.01        7000       68926       71895
           1           0        0.01        7000       71209       74178

[Nodes/requests]: ID_node, ID_depot, lat, long, type, service_time, q_del, q_col, tw_depot_start, tw_depot_end, tw_cust_start, tw_cust_end
           0           0      52.109       4.874       depot           0           0           0           0       86400           0       86400
           1           1      51.999       5.322       depot           0           0           0           0       86400           0       86400
           2           0      52.169       4.977  distribute        1200         771           0       29244       86400       50866       55476
           3           1      52.111       5.347  distribute         720        1443           0       11136       86400       42823       64800
           4           1      52.184       5.181  distribute        1440        1782           0         822       86400       37979       64800
           5           0      52.164       4.954     collect         720           0         924           0       68445       40110       64800
           6           0      52.005       5.204  distribute         600        1272           0        1796       86400       33155       64800
           7           1      52.207       5.269     collect        1800           0        2604           0       75579       30418       64800
           8           0      51.981       4.948  distribute        1200        1112           0       23270       86400       27111       64800
           9           1      52.034       5.030     collect         960           0        1329           0       69985       39855       64800
          10           1      52.113       4.814  distribute         840        1065           0       15102       86400       35285       64800
          11           0      52.128       4.879  distribute         600         502           0       36470       86400       38213       64800
          12           1      52.151       5.211     collect        1200           0        1400           0       73122       25593       64800
          13           1      52.185       5.147  distribute         840         498           0       21563       86400       37386       64800
          14           0      52.071       5.013  distribute         600         654           0       39401       86400       42585       64800
          15           0      52.234       5.210     collect         840           0         358           0       75138       31570       64800
          16           1      52.137       4.962  distribute         600         395           0       25552       86400       40350       64800
          17           0      52.040       5.264     collect        1080           0         780           0       78731       33285       64800
          18           1      52.000       5.307     collect        1200           0        1013           0       75156       38461       64800
          19           1      52.029       4.947     collect         600           0        1039           0       66846       37097       64800
          20           1      51.976       5.067  distribute        1080        1146           0       10988       86400       37948       47098
          21           1      51.983       5.161  distribute        1080         377           0       17273       86400       25477       64800
          22           0      52.170       5.258     collect         840           0        1266           0       77418       30865       64800
          23           0      51.996       5.131  distribute         720        1006           0       31095       86400       34371       64800
          24           1      52.100       5.098     collect         600           0         903           0       71088       39650       64800
          25           0      52.145       4.950  distribute        1200         946           0       24661       86400       41468       64800
          26           1      52.193       4.882  distribute        1200        1318           0       26259       86400       33697       64800
          27           1      52.077       5.273  distribute         840         752           0        4046       86400       33388       42986
          28           1      52.200       5.067     collect         960           0         241           0       78775       31558       64800
          29           0      52.029       5.218     collect         600           0         145           0       79229       36211       64800
          30           0      52.190       4.984     collect         720           0         188           0       74883       40682       64800
          31           0      52.143       5.116     collect         840           0          66           0       76489       43078       64800
          32           1      52.140       5.061     collect        1080           0         117           0       75471       35845       64800
          33           0      52.162       5.303     collect         840           0         206           0       80736       39991       64800
          34           1      52.188       5.087  distribute        1080        1381           0        2969       86400       26876       64800
          35           0      52.151       5.377  distribute         600        1112           0        8385       86400       34484       64800
          36           1      51.983       4.860     collect        1920           0         131           0       72041       40208       64800
          37           0      51.985       5.092  distribute         600        1341           0       29143       86400       39064       64800
          38           1      52.090       4.852     collect         840           0        1408           0       83738       40194       64800
          39           1      52.074       5.296  distribute        2040        2692           0       12943       86400       26165       35344
          40           0      52.142       5.123  distribute        1200         411           0       21832       86400       32194       64800
          41           1      52.005       4.966  distribute         840         861           0       17938       86400       28479       64800
          42           1      52.115       5.417  distribute        1200        1380           0         480       86400       25818       64800
          43           0      52.152       5.135     collect         840           0         608           0       84727       40336       64800
          44           1      52.084       5.295     collect        1320           0         833           0       76911       29693       64800
          45           1      52.092       5.124     collect         840           0        1147           0       82698       36008       64800
          46           1      52.216       4.929     collect         720           0         689           0       78390       43821       52864
          47           0      52.228       5.414     collect        1800           0         903           0       69521       39940       64800
          48           0      52.015       5.394  distribute         960         355           0        9450       86400       39428       64800
          49           1      52.036       4.956     collect        1320           0        1174           0       74293       37987       64800
          50           0      52.224       5.372     collect         600           0        1157           0       83562       31579       64800
          51           1      52.038       4.918     collect        1920           0        1182           0       77340       53932       68208
          52           0      52.204       5.219     collect         720           0        1355           0       86044       28061       64800
          53           0      52.110       5.248  distribute        1440        2949           0       31969       86400       34048       64800
          54           0      52.239       5.115  distribute        1080         542           0       37879       86400       43116       64800
          55           0      52.036       5.091  distribute        2280        5188           0       19324       86400       41507       64800
          56           0      52.143       5.069     collect        1200           0        1299           0       85627       38740       64800
          57           0      52.007       5.188     collect         960           0         620           0       85201       41573       64800
          58           1      52.109       5.159  distribute        1080         167           0        6600       86400       49884       61410
          59           1      51.992       5.286     collect        1200           0        1167           0       69969       34928       64800
          60           1      52.178       5.071     collect        2280           0        2448           0       73316       35204       64800
          61           1      52.028       4.968     collect        2160           0        3543           0       70857       30218       64800
          62           0      52.033       4.938  distribute         960        1445           0       36663       86400       39938       64800
          63           1      52.068       5.031     collect         960           0        1319           0       70007       30267       64800
          64           0      52.200       5.152     collect         720           0        1446           0       67326       30882       64800
          65           0      52.138       4.931     collect         960           0        1052           0       71221       32701       64800
          66           1      52.018       5.443     collect         840           0        1323           0       66671       28406       64800
          67           1      52.234       5.338     collect         960           0         328           0       72139       42369       64800
          68           0      52.066       4.973     collect        1680           0        1374           0       67742       25785       64800
          69           1      52.001       5.088     collect        1200           0         465           0       73259       32701       64800
          70           1      52.216       4.996  distribute        1080        1466           0       16032       86400       39102       64800
          71           1      52.156       5.129     collect         720           0         372           0       74544       30742       64800
          72           1      52.181       5.159  distribute         960         375           0       31284       86400       36823       64800
          73           0      52.006       4.810     collect        1080           0         789           0       78540       31902       64800
          74           0      52.045       4.923  distribute         600        1431           0       26578       86400       36674       64800
          75           1      52.028       5.390     collect        1080           0         121           0       79694       42340       64800
          76           0      52.071       5.411  distribute        2400        1718           0       31257       86400       43077       64800