T_2_6_60_[0] 2 4 12 62

[Vehicle Types] - ID_veh_type, fixed_cost, variable_cost, Speed, Capacity, alpha, beta, max_time, max_drive_time
           0           0        1.50          80        3200        2400        2800       54000       22000
           1           0        2.20          50        7000        6000        6200       54000       32400

[Number of Vehicle Types] - ID_veh_type, ID_depot, number_of_vehicles
           0           0           9
           1           0           4
           0           1           9
           1           1           4

[Scheduled Lines] - ID_from, ID_to, cost_per_req, capacity, dep_time, arr_time
           0           1        0.01        7000        8422       10287
           0           1        0.01        7000       15883       17748
           0           1        0.01        7000       23344       25209
           0           1        0.01        7000       57669       59534
           0           1        0.01        7000       62478       64343
           0           1        0.01        7000       71464       73329
           1           0        0.01        7000        7077        8942
           1           0        0.01        7000       16155       18020
           1           0        0.01        7000       23699       25564
           1           0        0.01        7000       53721       55586
           1           0        0.01        7000       65561       67426
           1           0        0.01        7000       72744       74609

[Nodes/requests]: ID_node, ID_depot, lat, long, type, service_time, q_del, q_col, tw_depot_start, tw_depot_end, tw_cust_start, tw_cust_end
           0           0      52.221       4.906       depot           0           0           0           0       86400           0       86400
           1           1      52.035       4.924       depot           0           0           0           0       86400           0       86400
           2           1      51.997       5.394  distribute         720        1266           0       23771       86400       26700       64800
           3           0      52.104       5.216  distribute         720        1325           0       12853       86400       35889       64800
           4           0      52.066       5.314  distribute         840        1251           0        4334       86400       31826       64800
           5           0      52.125       4.877  distribute        1200         874           0        4578       86400       29159       64800
           6           1      52.110       4.824  distribute         960         348           0       19077       86400       25594       64800
           7           1      52.133       5.017  distribute         960        1450           0       30847       86400       34382       64800
           8           0      52.208       4.867     collect         600           0         341           0       67233       31696       64800
           9           0      51.980       5.191  distribute        2040        1758           0        1064       86400       40779       64800
          10           0      52.183       5.345     collect         720           0         296           0       72919       30856       36477
          11           1      52.147       5.246  distribute         720         883           0       24456       86400       26072       64800
          12           0      52.083       4.858     collect         960           0        1459           0       66480       40302       64800
          13           0      52.154       5.172  distribute        1200         363           0        8095       86400       33729       64800
          14           1      52.182       4.897  distribute         720         842           0       23465       86400       33324       64800
          15           0      52.128       5.173     collect         600           0         473           0       80434       27951       64800
          16           0      52.066       4.987     collect         840           0         600           0       66091       25855       64800
          17           1      52.092       5.316     collect        1080           0        1088           0       81866       40970       64800
          18           1      52.139       5.339     collect        1200           0         811           0       85541       30817       64800
          19           0      52.024       5.262  distribute         840        1406           0       26112       86400       32154       64800
          20           1      52.019       5.353  distribute        2040        5072           0       40743       86400       46433       52117
          21           0      52.177       5.042  distribute         600         751           0       26637       86400       32858       64800
          22           0      52.068       5.234     collect         600           0         307           0       84705       37565       64800
          23           0      52.028       5.145     collect         960           0         759           0       74795       39664       64800
          24           1      52.155       5.439     collect        1080           0         485           0       72460       29015       64800
          25           1      52.098       5.448     collect        1200           0         736           0       85159       32278       64800
          26           1      52.063       5.330     collect         600           0        1489           0       82760       27254       64800
          27           0      52.179       5.110     collect         720           0        1100           0       75297       36830       64800
          28           0      52.215       5.048  distribute         960         364           0       11522       86400       25880       64800
          29           0      52.073       5.130     collect         600           0         834           0       76139       52840       58769
          30           1      51.993       5.133  distribute         600         865           0       20180       86400       43155       64800
          31           1      52.039       5.022     collect         960           0         652           0       82085       27660       64800
          32           0      52.144       5.211  distribute        1200        1439           0       22508       86400       29489       64800
          33           1      51.976       5.359     collect         600           0        1204           0       82640       29445       64800
          34           1      52.216       5.112     collect        2400           0         768           0       76761       29113       64800
          35           1      52.183       5.387     collect        2040           0         592           0       79876       27958       64800
          36           1      52.074       5.363     collect        1560           0        1508           0       84350       36507       64800
          37           0      52.025       4.943  distribute         840         285           0       37403       86400       40272       64800
          38           1      52.231       5.219     collect        1200           0        1166           0       67327       28017       64800
          39           0      52.193       4.846  distribute         960        1361           0       39641       86400       54067       57129
          40           0      52.090       5.298     collect         720           0         510           0       78832       30084       64800
          41           1      51.981       5.201     collect         840           0        1375           0       85072       39197       64800
          42           1      52.127       4.989  distribute        1200         665           0       13811       86400       25913       64800
          43           0      52.007       5.368  distribute         720         979           0        4428       86400       32707       64800
          44           1      52.078       5.351     collect        1080           0        1170           0       74677       41868       64800
          45           1      52.036       5.288  distribute        1080        1484           0       33500       86400       40780       64800
          46           1      52.078       4.911  distribute        2040         953           0       17915       86400       29557       64800
          47           1      52.125       4.884     collect        1080           0         987           0       76662       29674       64800
          48           1      52.008       4.989     collect         960           0         924           0       81255       26354       64800
          49           1      52.129       5.080     collect        1680           0         892           0       66227       28670       64800
          50           0      52.097       5.434     collect        1080           0         444           0       75695       35894       64800
          51           1      52.147       5.152     collect        1080           0        1220           0       82927       28404       64800
          52           0      52.035       5.382  distribute         720         451           0        9628       86400       31161       64800
          53           0      52.196       4.920  distribute        1200        2344           0       22169       86400       29093       64800
          54           1      52.003       5.123  distribute         600         357           0        4110       86400       37743       64800
          55           1      51.998       5.066     collect        1200           0        1041           0       80118       40361       64800
          56           0      52.123       5.093  distribute         720         892           0       29097       86400       40022       64800
          57           1      52.174       5.384  distribute         840         507           0       30073       86400       52703       61086
          58           0      52.064       4.963     collect        1080           0        1281           0       83744       40010       64800
          59           0      52.042       5.439  distribute         720        1244           0        3747       86400       36921       64800
          60           1      51.993       5.059  distribute        1080         538           0        4403       86400       52122       56508
          61           1      52.043       5.091     collect        1200           0         807           0       78259       39087       64800