T_2_6_75_[0] 2 4 12 77

[Vehicle Types] - ID_veh_type, fixed_cost, variable_cost, Speed, Capacity, alpha, beta, max_time, max_drive_time
           0           0        1.50          80        3200        2400        2800       54000       22000
           1           0        2.20          50        7000        6000        6200       54000       32400

[Number of Vehicle Types] - ID_veh_type, ID_depot, number_of_vehicles
           0           0          10
           1           0           5
           0           1          10
           1           1           5

[Scheduled Lines] - ID_from, ID_to, cost_per_req, capacity, dep_time, arr_time
           0           1        0.01        7000        4675        6578
           0           1        0.01        7000       12002       13905
           0           1        0.01        7000       23003       24906
           0           1        0.01        7000       54021       55924
           0           1        0.01        7000       62866       64769
           0           1        0.01        7000       73474       75377
           1           0        0.01        7000        1477        3380
           1           0        0.01        7000       16195       18098
           1           0        0.01        7000       24857       26760
           1           0        0.01        7000       57538       59441
           1           0        0.01        7000       66229       68132
           1           0        0.01        7000       73625       75528

[Nodes/requests]: ID_node, ID_depot, lat, long, type, service_time, q_del, q_col, tw_depot_start, tw_depot_end, tw_cust_start, tw_cust_end
           0           0      52.044       5.423       depot           0           0           0           0       86400           0       86400
           1           1      52.161       5.179       depot           0           0           0           0       86400           0       86400
           2           0      52.006       5.118     collect        1200           0        1437           0       75132       40944       64800
           3           1      52.058       4.906     collect         600           0        1130           0       83081       40019       53149
           4           0      52.104       5.447  distribute         720        1256           0         936       86400       26617       64800
           5           1      52.024       5.235  distribute        1080          61           0       26695       86400       28599       64800
           6           1      52.078       5.327  distribute        1200         835           0        3312       86400       37657       64800
           7           0      52.193       4.981     collect        1200           0        1111           0       85801       36663       64800
           8           1      52.199       5.370  distribute        1200         682           0       28461       86400       31701       64800
           9           0      52.206       5.265     collect         600           0         421           0       86377       29086       64800
          10           1      52.060       5.153  distribute         600        1276           0       19072       86400       33251       64800
          11           1      52.166       5.024     collect        1080           0        1250           0       71703       26864       64800
          12           0      51.986       5.116  distribute        1800        2796           0        3819       86400       30657       64800
          13           0      52.033       5.431     collect         720           0         451           0       82922       31646       64800
          14           1      52.130       5.148     collect        1080           0        1382           0       73134       26776       64800
          15           1      52.122       5.359     collect         720           0        1150           0       73684       32212       64800
          16           0      52.193       5.274  distribute         600        1139           0       23949       86400       36132       64800
          17           0      52.097       5.306  distribute         720        1392           0       23148       86400       36111       64800
          18           0      52.004       4.833  distribute        1200        2680           0       32371       86400       34285       64800
          19           1      52.202       5.001     collect         720           0         284           0       83606       31817       64800
          20           0      52.233       5.112  distribute         960         157           0       15066       86400       35385       64800
          21           0      52.053       4.813     collect         600           0        1202           0       81435       35159       64800
          22           1      52.193       5.056     collect         720           0         161           0       81725       41973       64800
          23           1      52.007       5.222     collect         840           0         463           0       61766       54788       59334
          24           1      51.998       5.252  distribute        1200         796           0        3497       86400       39602       64800
          25           1      52.152       5.280  distribute         720         566           0         415       86400       36852       49352
          26           0      52.048       5.330     collect         720           0        1125           0       75076       26154       64800
          27           0      52.166       4.883     collect        1200           0        1175           0       69039       27077       64800
          28           1      52.115       5.159  distribute        1080          70           0       19627       86400       35897       64800
          29           0      51.986       4.966  distribute         840        1072           0       20675       86400       38388       49451
          30           0      52.029       4.900  distribute         840        1081           0        1504       86400       41275       64800
          31           0      52.016       4.989  distribute         960         464           0        6160       86400       32293       64800
          32           0      52.189       5.144     collect        1200           0         640           0       73319       26471       64800
          33           0      51.981       5.270  distribute         840        1393           0       17516       86400       41915       64800
          34           0      52.237       5.410     collect        1200           0        2538           0       67326       28764       64800
          35           0      52.135       5.256     collect        1320           0        4434           0       76755       27948       64800
          36           0      52.190       5.273  distribute        1080        1278           0       13772       86400       32365       64800
          37           0      52.194       5.411     collect         840           0        1330           0       81856       32807       64800
          38           0      52.210       4.949     collect         600           0        1489           0       74331       38720       64800
          39           1      52.109       4.870     collect         600           0         447           0       77087       38784       64800
          40           1      52.129       4.864     collect        1080           0         672           0       73839       25432       64800
          41           1      52.063       5.335  distribute         600         309           0        1435       86400       31171       64800
          42           0      52.222       5.038  distribute        1200         603           0        1195       86400       30826       64800
          43           1      52.153       5.444  distribute         720         187           0       12907       86400       37571       64800
          44           1      52.141       5.220  distribute         720        1073           0        2640       86400       41637       64800
          45           1      51.997       5.193     collect         960           0         360           0       79039       35535       64800
          46           0      52.042       5.374     collect         960           0         429           0       69082       34607       64800
          47           0      52.054       5.087  distribute         960        1127           0       29105       86400       30473       64800
          48           0      52.155       5.194  distribute         960         991           0       15380       86400       38083       64800
          49           0      52.124       5.117  distribute        1080        1299           0       12599       86400       41241       64800
          50           0      52.031       5.031  distribute         600         753           0       25569       86400       36946       64800
          51           0      52.088       4.950     collect        1080           0         632           0       80212       35238       39782
          52           0      52.071       5.421  distribute         960         770           0        9865       86400       34491       64800
          53           1      52.081       4.882     collect        1560           0        1253           0       69524       36763       64800
          54           1      51.988       5.046     collect        1080           0         958           0       70255       36319       64800
          55           1      52.150       4.996     collect        1200           0        1494           0       80122       31459       64800
          56           0      52.142       5.311  distribute        1680         877           0       12825       86400       25442       64800
          57           1      52.180       4.895     collect        1080           0        1200           0       82830       33820       64800
          58           0      52.063       4.944     collect         960           0         801           0       81128       39945       64800
          59           0      52.128       4.936     collect        1200           0        1078           0       66556       36109       64800
          60           1      52.082       5.037  distribute        1680         453           0       22022       86400       27828       64800
          61           0      52.171       5.417  distribute         600        1325           0       21947       86400       41564       64800
          62           1      52.067       5.262     collect        1080           0         734           0       67094       30856       64800
          63           1      52.156       4.811  distribute        1080         883           0       17541       86400       27169       64800
          64           0      51.997       5.210  distribute         720         976           0       42128       86400       42989       64800
          65           0      52.135       5.292     collect         720           0         353           0       70567       26389       64800
          66           0      52.175       4.923     collect        1080           0         645           0       84640       28667       64800
          67           0      52.034       5.299  distribute         600         279           0       15767       86400       26072       64800
          68           1      52.112       5.004     collect        1560           0         898           0       74016       41588       64800
          69           0      52.228       5.366     collect         960           0         465           0       76412       36356       64800
          70           1      52.095       5.232  distribute         840        1281           0       14729       86400       25376       64800
          71           1      52.112       4.999  distribute         840         245           0         482       86400       25400       64800
          72           0      52.132       5.003  distribute        1200         314           0       18137       86400       28136       64800
          73           1      52.099       4.960     collect        1440           0        1484           0       78084       35977       64800
          74           1      51.981       5.430  distribute         840        1286           0        6676       86400       32796       64800
          75           1      51.976       5.426  distribute         600         561           0        4449       86400       27006       64800
          76           1      52.004       4.815     collect         960           0         564           0       76834       25817       64800