T_2_6_100_[1] 2 4 12 102

[Vehicle Types] - ID_veh_type, fixed_cost, variable_cost, Speed, Capacity, alpha, beta, max_time, max_drive_time
           0           0        1.50          80        3200        2400        2800       54000       22000
           1           0        2.20          50        7000        6000        6200       54000       32400

[Number of Vehicle Types] - ID_veh_type, ID_depot, number_of_vehicles
           0           0          12
           1           0           6
           0           1          12
           1           1           6

[Scheduled Lines] - ID_from, ID_to, cost_per_req, capacity, dep_time, arr_time
           0           1        0.01        7000        4274        6484
           0           1        0.01        7000       16449       18659
           0           1        0.01        7000       18340       20550
           0           1        0.01        7000       56442       58652
           0           1        0.01        7000       63867       66077
           0           1        0.01        7000       74166       76376
           1           0        0.01        7000        2699        4909
           1           0        0.01        7000        9662       11872
           1           0        0.01        7000       21906       24116
           1           0        0.01        7000       55928       58138
           1           0        0.01        7000       63971       66181
           1           0        0.01        7000       70036       72246

[Nodes/requests]: ID_node, ID_depot, lat, long, type, service_time, q_del, q_col, tw_depot_start, tw_depot_end, tw_cust_start, tw_cust_end
           0           0      52.076       4.897       depot           0           0           0           0       86400           0       86400
           1           1      52.187       5.208       depot           0           0           0           0       86400           0       86400
           2           1      52.113       5.431     collect        1200           0         913           0       73850       27492       64800
           3           0      52.037       4.992  distribute        1200         664           0       18051       86400       34557       64800
           4           0      52.104       4.886  distribute        2040         626           0       17672       86400       33731       64800
           5           0      51.991       5.228  distribute         960         539           0        8118       86400       42323       64800
           6           0      52.076       4.962  distribute        2160        3132           0        6685       86400       27444       64800
           7           1      52.156       5.271     collect        2400           0         278           0       82483       36093       64800
           8           0      52.106       5.303     collect         960           0        1385           0       84888       29413       64800
           9           0      52.132       5.002  distribute         600         817           0       27211       86400       30646       64800
          10           1      52.048       5.223  distribute        1080         484           0       13890       86400       39516       64800
          11           1      52.122       5.138     collect         840           0        1021           0       84432       41297       64800
          12           0      52.033       5.415     collect         960           0         825           0       76167       29450       64800
          13           1      52.220       4.834     collect         960           0        1399           0       79857       40780       64800
          14           0      52.215       5.297  distribute        1080         245           0       12368       86400       27924       64800
          15           0      52.020       5.018  distribute        1080         576           0        5321       86400       27941       41475
          16           0      52.017       4.941     collect        1200           0         119           0       69962       27548       64800
          17           1      51.984       4.918     collect         600           0          59           0       85657       27660       64800
          18           1      52.127       5.353  distribute        1560         618           0       14939       86400       34160       64800
          19           1      52.153       5.238  distribute        1680        1348           0       21152       86400       41818       64800
          20           0      52.051       4.922     collect        1200           0        1076           0       78172       33025       64800
          21           0      52.040       5.142  distribute        2400         328           0       15441       86400       36109       64800
          22           0      51.991       4.888  distribute        1200         521           0       29054       86400       32528       64800
          23           0      52.192       4.903     collect         840           0         973           0       76045       40467       64800
          24           1      52.062       4.962  distribute        1200        1194           0       26772       86400       37862       64800
          25           0      52.220       4.845     collect         840           0         211           0       82226       28711       64800
          26           1      52.162       5.085  distribute        1200         270           0       23460       86400       26030       28777
          27           1      52.220       5.314     collect        1080           0        1090           0       83900       32887       64800
          28           0      52.004       5.427  distribute        1080         131           0       31250       86400       35485       64800
          29           1      52.116       4.856     collect         600           0         546           0       70156       30203       64800
          30           1      52.073       5.398     collect        1080           0         582           0       69245       26539       64800
          31           1      52.165       4.858  distribute        1200        1038           0       25639       86400       42503       64800
          32           1      51.997       5.177  distribute        2160        3084           0       10704       86400       38742       64800
          33           0      52.102       4.887     collect         720           0         347           0       66788       32367       64800
          34           0      52.016       4.917     collect        1440           0        1724           0       69861       40718       54043
          35           0      52.066       5.072     collect         840           0        1301           0       84616       35075       64800
          36           0      52.102       5.044     collect        1200           0         705           0       82606       38174       64800
          37           1      52.119       5.449  distribute        1440         640           0        9688       86400       37916       64800
          38           0      52.180       4.862  distribute        1200         663           0        7379       86400       25522       64800
          39           0      52.194       5.148  distribute         600         287           0       35770       86400       43104       64800
          40           0      52.010       5.025  distribute        1200        1098           0       22271       86400       37475       64800
          41           0      52.064       5.320  distribute         600        1298           0        6440       86400       30545       64800
          42           1      52.103       4.952  distribute        1800        2967           0       25328       86400       30351       64800
          43           1      52.086       5.447     collect         840           0        1299           0       83832       33874       64800
          44           0      52.172       4.812  distribute         960         548           0       19713       86400       31656       64800
          45           0      51.988       5.132  distribute        1080         894           0       21671       86400       30308       64800
          46           1      52.188       5.406  distribute        2160        1580           0       12767       86400       28209       64800
          47           0      52.183       5.078  distribute         960         210           0       20668       86400       28740       64800
          48           1      51.982       4.814     collect         840           0         589           0       70053       30549       64800
          49           0      52.141       5.356     collect         840           0        1272           0       82479       29678       64800
          50           0      52.053       5.131     collect         720           0        1127           0       85593       25992       64800
          51           0      52.107       5.145  distribute         600        1450           0        6091       86400       41439       64800
          52           0      52.043       4.933     collect         600           0         270           0       83551       41801       64800
          53           0      52.031       5.223  distribute        1560        2768           0       14140       86400       35877       64800
          54           1      52.003       5.352     collect        1920           0         700           0       76144       41825       64800
          55           0      51.996       5.240     collect         840           0          79           0       73167       28189       64800
          56           0      52.197       5.007  distribute        1200        1101           0       14124       86400       35242       64800
          57           0      52.068       5.006  distribute        1200         610           0        4785       86400       27230       64800
          58           0      52.057       5.197  distribute        1680         440           0       17046       86400       35070       64800
          59           0      52.202       5.083  distribute        1080         523           0       21656       86400       33005       64800
          60           1      52.062       5.070     collect         600           0         928           0       67852       25716       64800
          61           0      52.237       5.097     collect        1680           0         713           0       67614       28226       64800
          62           1      52.162       5.444     collect        2400           0         708           0       85503       32164       64800
          63           0      52.160       5.074     collect         840           0         271           0       80269       42773       64800
          64           0      52.159       5.280  distribute        2160        2276           0       27322       86400       41409       64800
          65           0      52.101       4.896     collect         840           0         849           0       71457       35971       64800
          66           0      52.139       5.258     collect         960           0         865           0       73141       25392       64800
          67           1      52.214       5.413     collect         600           0          64           0       85619       40235       64800
          68           0      52.239       5.330  distribute         960         922           0       18551       86400       25943       64800
          69           0      52.198       5.048     collect         600           0         233           0       83194       28831       64800
          70           1      52.157       5.206     collect         600           0         366           0       75867       33994       64800
          71           0      52.094       5.406  distribute         960         958           0       10484       86400       51546       62832
          72           1      52.022       5.050  distribute         720         610           0        1569       86400       51597       55010
          73           0      52.180       4.872     collect         840           0         286           0       79257       32743       64800
          74           1      52.179       4.886     collect         600           0         141           0       69042       33923       64800
          75           1      52.236       5.165  distribute         960         980           0       22823       86400       28485       64800
          76           0      52.208       5.071     collect        1200           0         535           0       66804       34069       64800
          77           0      52.007       5.318  distribute        2160         978           0       22609       86400       27159       64800
          78           1      52.109       4.826  distribute        1200        1494           0       24078       86400       29217       64800
          79           1      52.083       5.319     collect        1080           0         454           0       81813       32909       64800
          80           1      52.143       4.915     collect         840           0         509           0       75406       35514       64800
          81           0      51.977       5.239     collect         960           0         445           0       82428       26561       64800
          82           1      52.019       5.305     collect         960           0        1151           0       76721       26334       64800
          83           1      52.048       4.912     collect         840           0         450           0       76301       54171       57376
          84           1      52.215       5.218  distribute         720         304           0         171       86400       42664       64800
          85           1      52.069       5.408     collect         720           0         751           0       72600       34535       64800
          86           1      52.189       5.284  distribute         840         230           0       13461       86400       28107       64800
          87           1      52.054       4.929     collect        1320           0         752           0       66726       38882       64800
          88           1      52.020       4.965  distribute        1200         128           0       25359       86400       38817       64800
          89           0      52.160       5.243  distribute        1080        1404           0       29356       86400       31007       64800
          90           0      52.082       5.292  distribute        1920        5792           0        6327       86400       25373       64800
          91           0      52.063       5.139  distribute        1200         629           0        4534       86400       33402       64800
          92           0      52.096       5.175  distribute        1200         445           0       16454       86400       28978       64800
          93           1      52.171       4.858  distribute         720         762           0        7003       86400       32419       64800
          94           0      52.036       5.326     collect         720           0        1091           0       77000       41881       64800
          95           1      52.121       5.186     collect         600           0         443           0       71767       26325       64800
          96           0      52.081       5.225     collect        2400           0         594           0       83066       40701       64800
          97           0      52.043       4.871     collect        1200           0        1238           0       80277       26709       64800
          98           1      52.063       5.382  distribute        2400        2534           0        5496       86400       32432       64800
          99           0      52.165       5.054  distribute         720         432           0       13058       86400       33573       64800
         100           1      52.215       5.190     collect         720           0        1455           0       85586       29214       64800
         101           0      52.062       5.413  distribute         840         290           0       26774       86400       34957       64800