T_2_6_70_[2] 2 4 12 72

[Vehicle Types] - ID_veh_type, fixed_cost, variable_cost, Speed, Capacity, alpha, beta, max_time, max_drive_time
           0           0        1.50          80        3200        2400        2800       54000       22000
           1           0        2.20          50        7000        6000        6200       54000       32400

[Number of Vehicle Types] - ID_veh_type, ID_depot, number_of_vehicles
           0           0           9
           1           0           5
           0           1           9
           1           1           5

[Scheduled Lines] - ID_from, ID_to, cost_per_req, capacity, dep_time, arr_time
           0           1        0.01        7000        4502        4720
           0           1        0.01        7000       12268       12486
           0           1        0.01        7000       24562       24780
           0           1        0.01        7000       54435       54653
           0           1        0.01        7000       68666       68884
           0           1        0.01        7000       72639       72857
           1           0        0.01        7000        2515        2733
           1           0        0.01        7000        9648        9866
           1           0        0.01        7000       22117       22335
           1           0        0.01        7000       59728       59946
           1           0        0.01        7000       62142       62360
           1           0        0.01        7000       74666       74884

[Nodes/requests]: ID_node, ID_depot, lat, long, type, service_time, q_del, q_col, tw_depot_start, tw_depot_end, tw_cust_start, tw_cust_end
           0           0      52.205       5.030       depot           0           0           0           0       86400           0       86400
           1           1      52.185       5.044       depot           0           0           0           0       86400           0       86400
           2           1      52.187       5.092     collect        1200           0         548           0       73706       30374       37342
           3           1      51.998       5.315  distribute         840        1175           0       20774       86400       37954       64800
           4           0      52.203       5.422     collect        1080           0         586           0       69835       32076       64800
           5           0      52.048       5.234  distribute         720         110           0         690       86400       27300       64800
           6           1      52.149       4.815  distribute         720         987           0       10162       86400       41512       64800
           7           0      52.238       4.848     collect        1080           0         866           0       80096       30958       64800
           8           0      52.079       4.877  distribute         600         993           0       35358       86400       39184       53065
           9           0      52.070       4.851     collect         720           0        1029           0       85200       31884       64800
          10           0      52.029       5.439     collect         600           0        1458           0       77640       34982       64800
          11           0      52.228       4.911  distribute        1200         680           0       36683       86400       40382       64800
          12           0      52.170       5.358     collect         960           0         678           0       71833       25832       64800
          13           1      52.072       5.325  distribute         720         129           0       25537       86400       40528       64800
          14           0      52.004       4.837     collect         720           0        1438           0       86160       40914       64800
          15           0      52.040       4.823  distribute         840        1068           0       34842       86400       36250       64800
          16           1      51.976       4.855  distribute        1200         185           0       27307       86400       31233       64800
          17           1      52.197       5.078     collect        1320           0         441           0       73408       46376       56893
          18           0      52.232       5.213  distribute        2160         489           0        1906       86400       35099       64800
          19           1      52.202       4.975  distribute         960        1077           0       15739       86400       28368       64800
          20           1      52.223       4.959     collect         840           0        1081           0       75457       37876       64800
          21           0      52.169       5.315  distribute        1080         786           0       13956       86400       25667       64800
          22           1      52.037       5.124  distribute        1200         472           0        4715       86400       36277       64800
          23           0      52.173       4.858  distribute        1200         614           0        4399       86400       29401       64800
          24           1      52.089       5.376  distribute         960        1216           0       11102       86400       33463       64800
          25           0      52.079       5.056     collect         720           0         642           0       72545       40728       64800
          26           0      52.121       5.146  distribute        1080         728           0       35078       86400       39098       64800
          27           1      52.032       5.004  distribute        1080        1431           0       18849       86400       37171       64800
          28           0      52.014       5.294     collect         960           0         123           0       80529       30018       64800
          29           1      52.236       5.439     collect         840           0         104           0       69257       31951       64800
          30           1      52.184       5.072  distribute        1200         880           0        3706       86400       37861       64800
          31           0      52.135       4.911  distribute         840         915           0       25531       86400       30515       64800
          32           1      51.978       4.871     collect        1080           0        1330           0       74866       41760       64800
          33           1      52.048       5.353  distribute         840        1453           0       13908       86400       25825       64800
          34           0      52.176       4.887  distribute        1200        1188           0        6283       86400       33793       44434
          35           1      52.133       5.093     collect         600           0         390           0       82304       36983       64800
          36           0      52.213       5.113  distribute         720        1340           0       28606       86400       39578       64800
          37           0      52.152       4.857  distribute        1080         779           0       24264       86400       42393       64800
          38           1      52.170       5.413  distribute        1080        1396           0        9721       86400       26608       64800
          39           0      52.156       5.143  distribute        2400        3615           0        7102       86400       29339       64800
          40           0      52.026       4.960     collect         600           0         302           0       73980       26737       64800
          41           0      52.100       5.361     collect         600           0        1405           0       84843       33823       64800
          42           0      52.093       4.979     collect         720           0         468           0       69390       44416       51752
          43           1      51.993       4.973  distribute        1200         234           0       20020       86400       35477       64800
          44           1      52.216       5.200  distribute        1920        1402           0       10806       86400       35390       64800
          45           1      52.044       4.864     collect        1080           0         796           0       79751       43088       64800
          46           1      52.117       5.373  distribute        1920        1138           0        7474       86400       36228       64800
          47           0      52.104       4.877     collect        2040           0        3495           0       78656       32027       64800
          48           1      52.190       5.305  distribute         720         930           0       20928       86400       41409       64800
          49           0      52.234       5.432     collect         960           0         783           0       82423       35088       64800
          50           0      52.087       5.085  distribute         840         699           0        5585       86400       25849       64800
          51           1      52.084       4.824  distribute         720          53           0       32095       86400       36378       64800
          52           1      52.102       4.899  distribute         960        1380           0        3901       86400       29713       64800
          53           0      52.146       4.974     collect         840           0         346           0       71475       40092       64800
          54           0      52.179       4.908     collect        2400           0        5892           0       76545       48057       58952
          55           0      52.136       5.257  distribute        1080         489           0         976       86400       35993       44027
          56           1      52.093       4.957     collect         960           0         529           0       69220       37885       64800
          57           0      52.084       5.160     collect        1200           0         853           0       66564       36051       44121
          58           0      52.066       4.826  distribute        1920         574           0       31986       86400       42268       64800
          59           0      52.192       5.416  distribute         840        1186           0       16183       86400       38903       64800
          60           1      52.234       4.895  distribute         600         494           0       11688       86400       25619       64800
          61           0      52.032       4.927  distribute         720        1105           0       33701       86400       36575       64800
          62           0      52.196       5.038     collect        1080           0         712           0       70773       41698       64800
          63           1      52.144       5.199     collect         840           0        1085           0       69116       31256       64800
          64           0      52.229       5.381     collect        1200           0         157           0       84603       56142       68936
          65           1      52.055       5.126  distribute         960        1287           0        9050       86400       30776       64800
          66           0      52.081       5.362     collect         840           0        1158           0       69785       42850       64800
          67           1      52.002       5.087  distribute         840         497           0        9132       86400       36888       64800
          68           1      52.166       5.104     collect         720           0         264           0       73194       42699       64800
          69           0      52.203       5.267     collect         600           0         716           0       73568       33455       64800
          70           1      52.046       5.199     collect         840           0        1321           0       79629       39146       64800
          71           0      52.054       4.959  distribute         960         956           0       29739       86400       31838       39608