T_2_6_95_[2] 2 4 12 97

[Vehicle Types] - ID_veh_type, fixed_cost, variable_cost, Speed, Capacity, alpha, beta, max_time, max_drive_time
           0           0        1.50          80        3200        2400        2800       54000       22000
           1           0        2.20          50        7000        6000        6200       54000       32400

[Number of Vehicle Types] - ID_veh_type, ID_depot, number_of_vehicles
           0           0          14
           1           0           7
           0           1          14
           1           1           7

[Scheduled Lines] - ID_from, ID_to, cost_per_req, capacity, dep_time, arr_time
           0           1        0.01        7000        3011        4456
           0           1        0.01        7000       13582       15027
           0           1        0.01        7000       20312       21757
           0           1        0.01        7000       53909       55354
           0           1        0.01        7000       66189       67634
           0           1        0.01        7000       72163       73608
           1           0        0.01        7000        1926        3371
           1           0        0.01        7000       17126       18571
           1           0        0.01        7000       21639       23084
           1           0        0.01        7000       60143       61588
           1           0        0.01        7000       66179       67624
           1           0        0.01        7000       75643       77088

[Nodes/requests]: ID_node, ID_depot, lat, long, type, service_time, q_del, q_col, tw_depot_start, tw_depot_end, tw_cust_start, tw_cust_end
           0           0      52.121       5.312       depot           0           0           0           0       86400           0       86400
           1           1      52.091       5.082       depot           0           0           0           0       86400           0       86400
           2           1      52.120       5.354     collect         720           0         893           0       79272       40475       64800
           3           1      52.113       5.302     collect        1200           0        1022           0       73762       28561       64800
           4           1      52.163       5.214  distribute        1080         589           0       25629       86400       31121       64800
           5           0      52.102       5.367     collect         600           0        1237           0       73920       41869       64800
           6           0      51.998       4.908  distribute         720        1481           0       32075       86400       39983       64800
           7           1      52.011       4.875  distribute        2280         869           0       23245       86400       25816       64800
           8           1      52.055       5.101     collect         720           0         797           0       51510       29068       35046
           9           1      52.170       5.392  distribute        1200         126           0       24868       86400       29044       33840
          10           0      52.238       5.264     collect        1560           0         870           0       69746       41793       64800
          11           0      52.065       5.410     collect         840           0         941           0       76064       39133       64800
          12           1      52.030       5.141     collect        1080           0        1193           0       75758       32249       64800
          13           1      52.092       4.982  distribute         720         114           0       21170       86400       34528       38595
          14           0      52.141       5.155     collect         720           0        1250           0       68256       30411       64800
          15           1      52.083       4.876     collect         960           0        1203           0       73232       39948       64800
          16           0      51.988       5.392  distribute         960        1210           0       29392       86400       41401       64800
          17           1      52.035       5.134     collect         960           0         948           0       73129       28240       64800
          18           1      52.220       5.396  distribute         600         613           0       28054       86400       42245       64800
          19           0      52.223       5.122  distribute         960         943           0       26456       86400       30581       64800
          20           0      52.225       5.391  distribute        1200         949           0       19137       86400       25578       64800
          21           0      52.174       5.136  distribute         600         994           0       15627       86400       27046       64800
          22           1      52.013       4.916     collect        1200           0         647           0       71192       38934       64800
          23           0      52.180       5.026  distribute        1320        5180           0       32945       86400       41251       64800
          24           0      52.194       4.949     collect         720           0         169           0       79190       38936       64800
          25           0      52.187       5.359  distribute        2040         114           0       39191       86400       41234       64800
          26           0      52.182       4.957  distribute         840         614           0       15188       86400       32492       64800
          27           1      52.058       5.082     collect         960           0         306           0       71053       33204       64800
          28           0      52.108       5.072  distribute         840         613           0       28984       86400       42195       64800
          29           1      52.106       5.338  distribute         960        1379           0       18194       86400       29966       64800
          30           1      52.038       5.244  distribute        1080        1227           0       14365       86400       29818       43950
          31           0      52.140       4.971  distribute         960        1385           0       15998       86400       30013       64800
          32           1      52.085       4.823  distribute        1200         806           0       24859       86400       38310       64800
          33           1      52.234       4.894     collect         840           0         946           0       77247       37008       64800
          34           0      52.140       5.442     collect        2040           0        4233           0       81439       29102       64800
          35           0      52.167       5.033     collect        1200           0          53           0       71293       36892       64800
          36           0      52.218       5.447     collect         600           0         969           0       73524       36193       64800
          37           0      51.976       5.183     collect        1920           0         995           0       81342       34394       64800
          38           0      52.171       5.328     collect        1680           0         974           0       75965       25618       64800
          39           0      51.981       5.375     collect         720           0         628           0       75399       32736       64800
          40           0      52.223       5.223  distribute        1560        5180           0        3809       86400       31303       64800
          41           1      52.128       5.389  distribute         960         651           0       17916       86400       41262       64800
          42           1      52.112       5.053     collect         720           0        1491           0       71658       39903       64800
          43           1      52.093       4.842  distribute        1080         728           0       29300       86400       37676       64800
          44           0      52.050       5.279  distribute         600        1172           0        7927       86400       25806       64800
          45           0      52.017       5.164     collect         720           0         839           0       85824       37838       64800
          46           0      52.115       4.920     collect         720           0        1189           0       80340       40421       64800
          47           0      52.028       5.296  distribute         960         542           0        4980       86400       32268       64800
          48           1      52.082       5.200  distribute        1440        1246           0       22861       86400       29272       64800
          49           1      51.983       4.972     collect         840           0        1399           0       78231       37828       64800
          50           0      52.069       5.380  distribute        1200         433           0       29162       86400       35840       64800
          51           1      52.079       5.287  distribute         960        1267           0       24644       86400       37159       64800
          52           0      52.199       5.210     collect        1320           0         506           0       50461       25904       33026
          53           1      52.148       5.388  distribute        1080         984           0       15773       86400       38245       64800
          54           1      52.129       5.268     collect        1800           0         224           0       71849       41194       64800
          55           1      52.183       5.238     collect         840           0        1012           0       82362       25383       64800
          56           1      52.090       5.162  distribute         840         938           0        7271       86400       31535       64800
          57           0      52.008       5.300     collect         600           0        1259           0       77855       35201       64800
          58           1      52.148       5.391  distribute         720         901           0       15901       86400       39751       64800
          59           0      52.103       4.892  distribute        2400        3063           0       19983       86400       32418       64800
          60           1      52.065       5.090     collect         960           0         649           0       79103       54852       64456
          61           1      52.133       5.432     collect         600           0         785           0       78261       32326       64800
          62           0      52.192       5.446  distribute         720         824           0       37362       86400       42192       64800
          63           1      52.178       5.429     collect         840           0         463           0       75741       31767       64800
          64           0      52.177       5.182     collect        2280           0        2100           0       71500       30139       64800
          65           1      52.218       5.147  distribute        1200        3448           0        6803       86400       39079       64800
          66           0      52.135       5.406  distribute        1080         250           0       35161       86400       41399       64800
          67           0      52.006       5.374     collect         720           0         314           0       85599       38557       64800
          68           0      52.121       5.141  distribute         840         342           0        9682       86400       42068       47654
          69           0      52.139       5.380  distribute        1200        1383           0       16969       86400       28171       64800
          70           1      52.218       4.977     collect         960           0        1035           0       79138       30959       64800
          71           0      52.004       4.916     collect        1200           0          50           0       69426       39179       64800
          72           0      52.188       4.903  distribute        1080         735           0        2394       86400       42619       64800
          73           1      52.078       4.952  distribute         960         859           0        7974       86400       36338       64800
          74           1      52.044       5.148  distribute        2160        1146           0        5549       86400       41741       64800
          75           0      52.147       5.079  distribute        1200         966           0       13741       86400       33951       64800
          76           0      52.099       5.144  distribute        1200        5276           0        6803       86400       34679       64800
          77           1      52.139       4.991     collect         600           0        1266           0       78824       26049       30875
          78           0      52.122       5.196  distribute        1560        2446           0       23628       86400       39690       64800
          79           0      52.049       5.207  distribute         720        1134           0       15265       86400       42083       64800
          80           0      52.098       5.285     collect         600           0        1171           0       80618       32708       64800
          81           0      52.107       5.248  distribute        1560        3552           0       31016       86400       41867       64800
          82           1      52.095       5.181     collect         840           0        1010           0       70568       29643       64800
          83           1      52.098       5.205     collect        1200           0         564           0       76854       31771       64800
          84           1      51.979       4.831  distribute         720         355           0       12889       86400       30924       64800
          85           0      52.084       5.133  distribute         600        1284           0        8567       86400       30673       64800
          86           0      52.050       5.323     collect         840           0        1064           0       84581       32454       64800
          87           0      52.196       5.019  distribute         840        1159           0        2767       86400       26754       64800
          88           0      52.219       5.070  distribute        1320        1279           0       27975       86400       32788       64800
          89           1      52.010       5.331     collect        1080           0        1275           0       66903       39957       64800
          90           0      51.980       4.821  distribute         720         272           0        9620       86400       50210       58934
          91           0      52.176       5.281     collect         960           0         949           0       79897       38989       64800
          92           0      52.203       4.904  distribute        1200        1462           0       13415       86400       39818       64800
          93           1      52.021       4.986  distribute         600        1484           0       28215       86400       30706       42478
          94           0      52.222       5.402  distribute        1200        1477           0       24430       86400       35416       64800
          95           0      52.230       5.066  distribute        1080        1102           0        9476       86400       39522       64800
          96           0      52.121       4.950     collect         840           0         542           0       84906       39527       64800