T_2_6_40_[1] 2 4 12 42

[Vehicle Types] - ID_veh_type, fixed_cost, variable_cost, Speed, Capacity, alpha, beta, max_time, max_drive_time
           0           0        1.50          80        3200        2400        2800       54000       22000
           1           0        2.20          50        7000        6000        6200       54000       32400

[Number of Vehicle Types] - ID_veh_type, ID_depot, number_of_vehicles
           0           0           5
           1           0           3
           0           1           5
           1           1           3

[Scheduled Lines] - ID_from, ID_to, cost_per_req, capacity, dep_time, arr_time
           0           1        0.01        7000        7935       11601
           0           1        0.01        7000       11814       15480
           0           1        0.01        7000       19778       23444
           0           1        0.01        7000       58291       61957
           0           1        0.01        7000       63993       67659
           0           1        0.01        7000       76666       80332
           1           0        0.01        7000        2823        6489
           1           0        0.01        7000       13397       17063
           1           0        0.01        7000       25622       29288
           1           0        0.01        7000       59417       63083
           1           0        0.01        7000       66551       70217
           1           0        0.01        7000       74797       78463

[Nodes/requests]: ID_node, ID_depot, lat, long, type, service_time, q_del, q_col, tw_depot_start, tw_depot_end, tw_cust_start, tw_cust_end
           0           0      52.145       5.407       depot           0           0           0           0       86400           0       86400
           1           1      52.228       4.825       depot           0           0           0           0       86400           0       86400
           2           1      52.073       4.952     collect         600           0        1006           0       78951       38559       64800
           3           1      52.162       5.232  distribute         840         561           0        3903       86400       41813       64800
           4           0      52.066       4.908     collect         840           0        1319           0       78324       31894       64800
           5           1      52.129       5.091  distribute        1080        1460           0       23103       86400       39961       64800
           6           1      51.987       5.025  distribute        1080         271           0       21942       86400       25449       64800
           7           1      51.985       5.063  distribute        1200         803           0        4348       86400       30727       64800
           8           0      52.235       5.336     collect         720           0        1063           0       80892       49098       51754
           9           1      52.084       4.901     collect        1440           0        1132           0       62679       50621       58594
          10           0      52.213       5.113     collect        2280           0        2100           0       74195       31007       64800
          11           0      52.116       5.106  distribute         720        1387           0        8871       86400       26936       64800
          12           1      52.134       5.418     collect        1080           0        1408           0       68978       30595       64800
          13           1      52.051       5.033  distribute        1920         255           0       24357       86400       42539       64800
          14           0      52.103       5.235     collect         840           0        1320           0       73505       40424       64800
          15           1      52.088       5.107  distribute        1200         981           0        9817       86400       29487       64800
          16           1      52.211       5.180     collect         840           0         431           0       77616       40593       64800
          17           1      52.098       4.824     collect        1920           0        3195           0       68901       33327       64800
          18           1      51.998       5.142  distribute         960         176           0        8170       86400       28443       64800
          19           0      52.147       5.301     collect        1080           0         466           0       67644       32423       64800
          20           0      52.038       4.994  distribute        1080         207           0         472       86400       31023       64800
          21           0      52.034       4.833     collect        1080           0         612           0       80950       31523       64800
          22           1      52.180       4.986  distribute        1200         302           0       20499       86400       35135       64800
          23           1      52.118       5.201     collect         600           0         461           0       79138       32099       64800
          24           1      52.079       5.371  distribute        1080        1098           0       24583       86400       26594       64800
          25           1      52.180       4.996     collect        1200           0         404           0       66200       30891       64800
          26           0      52.009       5.008  distribute         960         766           0        7163       86400       26496       64800
          27           1      52.065       5.232  distribute         840        1370           0       29229       86400       39369       64800
          28           1      52.001       5.209     collect        1440           0        4245           0       75639       28100       64800
          29           0      52.113       5.307  distribute         720          80           0       32237       86400       36572       64800
          30           1      52.114       5.031     collect         840           0         510           0       77419       30770       64800
          31           0      52.161       4.833     collect        1080           0         746           0       79171       42831       64800
          32           0      52.125       5.338     collect        1920           0         393           0       78078       31600       64800
          33           1      52.047       4.910  distribute         960         588           0       19004       86400       39444       64800
          34           1      52.037       5.066  distribute        1200         267           0        1062       86400       34945       64800
          35           0      52.204       4.895     collect         840           0         964           0       79911       49191       54000
          36           0      52.065       5.033  distribute         960         481           0       21548       86400       29726       64800
          37           0      52.141       4.980  distribute         720        1471           0        6745       86400       42987       64800
          38           0      52.001       5.059  distribute        2280        2412           0       20014       86400       26716       64800
          39           0      52.212       5.032  distribute         600        1227           0       15116       86400       41921       64800
          40           1      52.239       5.421     collect        1560           0         828           0       69590       26475       40583
          41           1      52.185       5.026  distribute         840         891           0       32503       86400       34971       64800