T_2_6_55_[1] 2 4 12 57

[Vehicle Types] - ID_veh_type, fixed_cost, variable_cost, Speed, Capacity, alpha, beta, max_time, max_drive_time
           0           0        1.50          80        3200        2400        2800       54000       22000
           1           0        2.20          50        7000        6000        6200       54000       32400

[Number of Vehicle Types] - ID_veh_type, ID_depot, number_of_vehicles
           0           0           7
           1           0           4
           0           1           7
           1           1           4

[Scheduled Lines] - ID_from, ID_to, cost_per_req, capacity, dep_time, arr_time
           0           1        0.01        7000        5144        6354
           0           1        0.01        7000       14461       15671
           0           1        0.01        7000       20294       21504
           0           1        0.01        7000       55533       56743
           0           1        0.01        7000       65731       66941
           0           1        0.01        7000       69411       70621
           1           0        0.01        7000        5756        6966
           1           0        0.01        7000       16208       17418
           1           0        0.01        7000       23780       24990
           1           0        0.01        7000       52852       54062
           1           0        0.01        7000       65807       67017
           1           0        0.01        7000       69243       70453

[Nodes/requests]: ID_node, ID_depot, lat, long, type, service_time, q_del, q_col, tw_depot_start, tw_depot_end, tw_cust_start, tw_cust_end
           0           0      52.223       4.857       depot           0           0           0           0       86400           0       86400
           1           1      52.171       5.035       depot           0           0           0           0       86400           0       86400
           2           1      52.219       5.333     collect        1200           0         193           0       84453       27743       64800
           3           1      52.008       4.825  distribute         600        1306           0        6697       86400       30267       64800
           4           0      52.082       5.104  distribute         960         142           0       31403       86400       37953       64800
           5           1      52.006       5.165     collect         960           0        1128           0       73299       39445       64800
           6           1      52.130       4.944     collect         840           0        1288           0       68978       26562       64800
           7           0      52.094       4.970  distribute         840         787           0       12725       86400       29396       64800
           8           1      52.050       4.992     collect         840           0        1140           0       78441       29727       64800
           9           1      52.108       4.845     collect         600           0         205           0       67999       35839       64800
          10           0      52.095       5.396  distribute         600         309           0       19928       86400       29141       64800
          11           1      52.120       5.117  distribute        1080         613           0       23580       86400       28501       64800
          12           1      52.201       5.210     collect         720           0         583           0       86150       35167       64800
          13           1      52.139       5.373     collect        1200           0        1219           0       80060       32818       64800
          14           0      51.978       5.325  distribute        1800        2108           0        6292       86400       26171       64800
          15           0      52.019       5.093  distribute        2400         816           0       27118       86400       34957       64800
          16           0      52.020       5.188  distribute         840         612           0        9149       86400       29385       64800
          17           0      52.077       5.048  distribute        1080        1086           0        3597       86400       25925       64800
          18           1      52.107       4.848  distribute        1920         823           0       10599       86400       31024       64800
          19           1      52.066       4.900     collect         600           0        1315           0       66504       38857       64800
          20           0      52.101       5.035     collect         720           0        1066           0       66528       29642       64800
          21           0      52.021       5.254  distribute         840         206           0       15737       86400       34108       64800
          22           0      52.132       5.109  distribute        1200         559           0       34273       86400       35986       64800
          23           1      52.191       4.904     collect        2040           0        2686           0       68079       37237       64800
          24           1      52.060       4.967  distribute         600          50           0       19839       86400       26614       64800
          25           0      52.219       5.235  distribute         840        1469           0       11433       86400       31078       40962
          26           1      52.100       5.233     collect        1080           0         187           0       81796       42164       64800
          27           1      52.187       5.351  distribute         600        1293           0       41481       86400       54192       62687
          28           0      52.198       5.066     collect         720           0        1148           0       80155       25477       64800
          29           1      52.030       4.888     collect        1920           0         698           0       66919       37990       64800
          30           0      52.012       4.977  distribute        1080         354           0        8478       86400       40693       64800
          31           1      52.005       5.403  distribute        2400         545           0       34284       86400       40840       64800
          32           0      52.032       5.030  distribute        1200         967           0       23789       86400       28183       64800
          33           1      52.048       5.350  distribute         600         348           0       13208       86400       51481       56506
          34           1      52.031       4.959  distribute         840          92           0       36552       86400       48973       53957
          35           1      52.014       4.916  distribute         840         919           0       34072       86400       39928       64800
          36           0      52.215       4.977  distribute        1920         617           0       19100       86400       29369       64800
          37           1      52.003       4.905     collect        1080           0        1402           0       67228       51261       61769
          38           0      52.163       5.100     collect         600           0         467           0       71238       32760       64800
          39           0      52.008       5.080     collect        1200           0         242           0       81684       37328       64800
          40           0      52.222       5.100  distribute         600        1172           0       39413       86400       52315       63818
          41           0      52.044       5.347  distribute         960         664           0        4833       86400       25803       64800
          42           1      52.143       5.446     collect         960           0         943           0       81178       27332       64800
          43           0      52.107       5.215     collect         600           0         816           0       78882       42484       64800
          44           0      52.202       4.905     collect        1080           0        1349           0       72993       35015       64800
          45           0      52.032       5.064  distribute         600        1374           0        5067       86400       37675       64800
          46           0      52.163       5.103     collect        1200           0         113           0       80912       29443       64800
          47           0      52.074       4.871  distribute        1080         298           0       26183       86400       28960       64800
          48           1      52.150       4.816     collect        1200           0         414           0       76150       47210       52673
          49           1      52.161       5.190  distribute        1080         515           0       26404       86400       39073       64800
          50           0      52.131       4.908  distribute        1200        1212           0       12118       86400       35850       64800
          51           1      52.112       5.225     collect         720           0         960           0       73835       36989       64800
          52           1      52.145       4.832  distribute         720         618           0       35803       86400       42395       64800
          53           0      52.169       4.825  distribute        1800        1696           0       34064       86400       40567       64800
          54           1      52.195       5.065  distribute         960         581           0       14291       86400       25900       64800
          55           0      52.122       4.831     collect         600           0         843           0       85697       38044       64800
          56           1      52.154       4.911     collect        2160           0         998           0       79849       43067       64800