T_2_6_50_[0] 2 4 12 52

[Vehicle Types] - ID_veh_type, fixed_cost, variable_cost, Speed, Capacity, alpha, beta, max_time, max_drive_time
           0           0        1.50          80        3200        2400        2800       54000       22000
           1           0        2.20          50        7000        6000        6200       54000       32400

[Number of Vehicle Types] - ID_veh_type, ID_depot, number_of_vehicles
           0           0           7
           1           0           3
           0           1           7
           1           1           3

[Scheduled Lines] - ID_from, ID_to, cost_per_req, capacity, dep_time, arr_time
           0           1        0.01        7000        8154        9941
           0           1        0.01        7000       12021       13808
           0           1        0.01        7000       23656       25443
           0           1        0.01        7000       59097       60884
           0           1        0.01        7000       62502       64289
           0           1        0.01        7000       75795       77582
           1           0        0.01        7000        7411        9198
           1           0        0.01        7000       15471       17258
           1           0        0.01        7000       25053       26840
           1           0        0.01        7000       58399       60186
           1           0        0.01        7000       67020       68807
           1           0        0.01        7000       71811       73598

[Nodes/requests]: ID_node, ID_depot, lat, long, type, service_time, q_del, q_col, tw_depot_start, tw_depot_end, tw_cust_start, tw_cust_end
           0           0      52.201       5.041       depot           0           0           0           0       86400           0       86400
           1           1      52.028       5.113       depot           0           0           0           0       86400           0       86400
           2           0      52.135       5.171     collect        1200           0         917           0       67053       37790       64800
           3           1      52.112       5.181  distribute         720         356           0       23422       86400       38716       64800
           4           1      52.005       5.030  distribute        1200          50           0       26381       86400       35309       64800
           5           1      52.163       5.323  distribute        1080         561           0       26269       86400       33559       64800
           6           0      52.233       4.952  distribute         600         375           0       25344       86400       33862       64800
           7           1      52.113       5.328  distribute         600        1346           0       21816       86400       29159       64800
           8           1      52.231       4.951     collect         720           0          51           0       71671       26359       64800
           9           0      52.040       5.168  distribute         600        1140           0       30204       86400       38085       64800
          10           1      52.092       5.107     collect         600           0        1033           0       80631       29588       64800
          11           1      52.078       5.232  distribute         840        1020           0        2904       86400       46932       59973
          12           1      52.223       4.870  distribute         600        1144           0       10263       86400       33009       64800
          13           0      52.205       5.134     collect        2160           0        3436           0       83221       28236       64800
          14           1      52.225       5.399  distribute         720        1236           0       21761       86400       38734       64800
          15           0      52.017       5.069     collect        1320           0        2592           0       75413       41527       64800
          16           1      52.063       5.375     collect         960           0        1162           0       69374       34081       64800
          17           1      52.240       5.074     collect         840           0         394           0       82373       27357       64800
          18           0      52.174       5.021  distribute         960        1393           0       36435       86400       36979       64800
          19           1      52.213       5.264  distribute         840         238           0       23400       86400       31708       64800
          20           0      51.985       5.399  distribute         960        1424           0        1299       86400       39928       64800
          21           1      52.004       4.962  distribute        1200        1359           0       34803       86400       42068       64800
          22           0      52.026       5.378     collect        2400           0         410           0       66538       25628       64800
          23           1      52.165       5.284  distribute         840         553           0       19625       86400       27057       64800
          24           0      52.077       4.948     collect        1200           0         882           0       78734       39977       64800
          25           0      52.193       4.845     collect        1200           0        1356           0       72146       40415       64800
          26           1      51.985       4.827     collect        1560           0        4152           0       69420       27009       64800
          27           0      52.139       5.390     collect         720           0         114           0       74188       34659       64800
          28           0      52.090       5.189     collect         960           0        1193           0       74782       28058       64800
          29           1      52.086       5.035     collect         960           0         686           0       80399       28844       64800
          30           1      52.190       5.350  distribute         960         819           0       29898       86400       36740       64800
          31           1      52.124       5.262  distribute         600         618           0       20665       86400       25253       64800
          32           1      51.986       4.932  distribute         720         150           0       18814       86400       34676       64800
          33           0      52.171       5.159  distribute         960         839           0        7020       86400       25429       64800
          34           1      52.007       5.042     collect        1920           0        2620           0       71997       35155       64800
          35           0      52.131       5.234     collect         960           0          66           0       82076       28686       64800
          36           1      52.136       4.975     collect        1800           0        4320           0       69077       36038       48658
          37           1      52.197       5.297  distribute        2280         300           0       24399       86400       35931       64800
          38           1      52.007       4.933     collect         720           0         189           0       78224       30952       64800
          39           0      52.195       5.252  distribute        2160        3728           0       17652       86400       38587       64800
          40           0      52.201       5.140  distribute         840         367           0        2723       86400       27921       64800
          41           0      52.196       5.329     collect        1800           0        2430           0       83231       25725       64800
          42           1      52.137       5.264     collect        1920           0         415           0       74457       36476       64800
          43           1      52.121       5.277  distribute         720        1094           0       12686       86400       26317       64800
          44           1      52.012       5.402     collect        1200           0        1146           0       73306       25861       64800
          45           0      52.140       4.887  distribute        1320         148           0        5282       86400       40955       64800
          46           1      52.181       5.354     collect        1080           0         272           0       75590       28257       64800
          47           1      52.029       4.846     collect        1800           0        1445           0       79691       27910       64800
          48           0      52.197       4.863     collect         840           0         624           0       75159       41503       64800
          49           1      52.028       4.947     collect        1080           0         545           0       72746       31429       64800
          50           0      52.202       4.901  distribute         960         318           0       30803       86400       41796       64800
          51           0      52.226       5.292     collect        1920           0        3828           0       81570       26763       64800