T_2_6_100_[0] 2 4 12 102

[Vehicle Types] - ID_veh_type, fixed_cost, variable_cost, Speed, Capacity, alpha, beta, max_time, max_drive_time
           0           0        1.50          80        3200        2400        2800       54000       22000
           1           0        2.20          50        7000        6000        6200       54000       32400

[Number of Vehicle Types] - ID_veh_type, ID_depot, number_of_vehicles
           0           0          12
           1           0           6
           0           1          12
           1           1           6

[Scheduled Lines] - ID_from, ID_to, cost_per_req, capacity, dep_time, arr_time
           0           1        0.01        7000         880        4677
           0           1        0.01        7000       11241       15038
           0           1        0.01        7000       19482       23279
           0           1        0.01        7000       60184       63981
           0           1        0.01        7000       63346       67143
           0           1        0.01        7000       74906       78703
           1           0        0.01        7000        2526        6323
           1           0        0.01        7000       12663       16460
           1           0        0.01        7000       17309       21106
           1           0        0.01        7000       54121       57918
           1           0        0.01        7000       67464       71261
           1           0        0.01        7000       69744       73541

[Nodes/requests]: ID_node, ID_depot, lat, long, type, service_time, q_del, q_col, tw_depot_start, tw_depot_end, tw_cust_start, tw_cust_end
           0           0      52.228       4.869       depot           0           0           0           0       86400           0       86400
           1           1      51.984       5.342       depot           0           0           0           0       86400           0       86400
           2           1      52.057       5.296     collect         840           0        1239           0       66535       27083       64800
           3           0      52.211       5.384  distribute         600         957           0       17842       86400       32829       64800
           4           0      52.001       4.987  distribute         720        1058           0        5807       86400       32290       64800
           5           1      52.116       5.215     collect         840           0         113           0       71523       41634       64800
           6           1      52.099       5.225     collect        1080           0         176           0       86110       39452       64800
           7           1      51.999       4.847  distribute         720         418           0        5120       86400       35046       46252
           8           0      52.026       5.431     collect        1200           0        1379           0       74916       35142       64800
           9           0      52.040       4.960     collect         720           0        1232           0       60197       37013       47277
          10           1      52.059       5.281  distribute        1320        1102           0        7830       86400       41651       64800
          11           1      52.237       5.282  distribute         600         200           0       25249       86400       39127       64800
          12           1      52.020       5.337     collect        1080           0         261           0       81007       33820       64800
          13           0      52.004       4.891     collect         960           0        1330           0       82015       32183       64800
          14           0      52.088       5.101     collect        1920           0        3264           0       75638       34523       64800
          15           1      52.096       5.097  distribute        2040        2304           0       33320       86400       40807       64800
          16           1      52.100       5.047     collect        1560           0         420           0       78364       33322       64800
          17           1      52.137       4.960  distribute        1200         728           0        6187       86400       55639       59241
          18           1      52.075       5.077  distribute        1200         213           0       24770       86400       35176       64800
          19           0      52.147       5.008     collect         960           0         104           0       77214       33567       64800
          20           1      52.208       4.849  distribute         960          98           0       34029       86400       39149       64800
          21           1      52.179       5.070  distribute        1680        2288           0       25168       86400       39773       64800
          22           0      51.979       5.134  distribute        1200         483           0       32884       86400       38069       64800
          23           0      52.054       5.349     collect        1200           0        1294           0       77122       35093       64800
          24           0      52.001       5.216     collect         960           0         438           0       83514       40928       64800
          25           1      52.147       5.238     collect         600           0        1070           0       80063       36622       64800
          26           1      52.223       5.187     collect         600           0         523           0       83948       26262       64800
          27           0      52.143       5.325  distribute         840         310           0       14523       86400       26348       64800
          28           1      52.133       5.265     collect        1080           0         686           0       66490       38354       64800
          29           1      52.190       5.388     collect        1800           0        3198           0       81504       32857       64800
          30           0      52.088       4.894     collect         960           0         594           0       82683       28467       64800
          31           0      52.236       5.191  distribute        1200        1373           0        8222       86400       25460       64800
          32           1      52.023       5.169  distribute        1200         402           0       28546       86400       40425       64800
          33           1      51.980       5.332  distribute        1200          61           0       16646       86400       43021       64800
          34           1      51.992       4.960  distribute         720         697           0        5055       86400       41144       64800
          35           1      52.231       5.085     collect         960           0        1277           0       76181       35313       64800
          36           0      52.127       5.292     collect        2400           0        2964           0       76577       43155       64800
          37           1      52.192       4.875     collect         840           0         975           0       72928       30035       64800
          38           1      52.035       5.071     collect         840           0        1224           0       66921       33814       64800
          39           1      52.162       4.967  distribute        1560        2358           0       17983       86400       34464       64800
          40           1      52.103       5.272     collect        1560           0        2386           0       79063       25653       64800
          41           0      52.015       4.864     collect        1200           0         755           0       78336       27380       64800
          42           0      52.130       4.820  distribute         600         874           0       21176       86400       33377       64800
          43           1      51.981       5.324     collect         960           0        1384           0       81804       27820       64800
          44           0      52.125       5.349     collect         960           0         421           0       73957       38154       64800
          45           1      52.048       5.345     collect        2280           0        3999           0       82719       31509       64800
          46           0      52.122       5.279  distribute         960         492           0        1047       86400       38554       64800
          47           1      52.030       4.990  distribute        2400         570           0        6132       86400       43151       64800
          48           1      52.115       5.397     collect        1920           0        1232           0       77620       37519       64800
          49           1      52.091       5.247  distribute         600        1491           0       18417       86400       55430       60220
          50           1      52.113       4.999  distribute         840         135           0       13533       86400       41785       64800
          51           0      52.122       5.066     collect        1560           0        1578           0       78071       37252       64800
          52           0      52.198       5.143     collect         960           0         427           0       50253       35942       47547
          53           1      52.012       5.303  distribute        1200         289           0       13430       86400       29302       64800
          54           1      52.007       4.894  distribute         960         878           0       25074       86400       34650       64800
          55           1      52.219       5.329     collect         720           0         761           0       64530       32223       41263
          56           0      52.146       5.035     collect         720           0         851           0       84240       25741       64800
          57           0      51.981       5.347     collect         720           0         126           0       81347       42930       64800
          58           0      52.194       4.849     collect        2280           0        5492           0       81629       26815       64800
          59           1      52.238       5.014     collect         600           0         535           0       78239       36997       64800
          60           1      51.998       5.306  distribute         720        1110           0       20234       86400       27981       64800
          61           1      52.194       5.074  distribute         600        1275           0       23071       86400       40347       52380
          62           1      52.225       5.322     collect         840           0        1280           0       79297       33422       64800
          63           1      52.174       5.192     collect        1560           0        4368           0       76009       42822       64800
          64           1      52.129       4.846     collect         600           0         405           0       80890       37757       64800
          65           1      52.106       5.422  distribute         720         693           0        2530       86400       25609       64800
          66           0      52.162       5.436     collect        2400           0        4912           0       71999       52595       62084
          67           1      52.074       5.166     collect         960           0         545           0       72897       34430       64800
          68           0      52.219       5.339     collect         600           0        1231           0       79023       36351       64800
          69           1      52.150       5.359     collect        1200           0         414           0       74607       31108       64800
          70           0      52.035       5.090     collect        1560           0        2553           0       71359       28378       64800
          71           1      51.977       4.989     collect         960           0        1258           0       69873       31557       64800
          72           1      51.979       4.941     collect        1200           0        1052           0       70788       34202       64800
          73           0      52.012       5.043  distribute         840         615           0        5537       86400       32436       64800
          74           1      52.218       4.948  distribute         840         274           0       24783       86400       28400       64800
          75           0      52.226       5.442  distribute        1200         244           0        2917       86400       36644       64800
          76           1      52.075       4.949  distribute         600         557           0       19452       86400       27598       64800
          77           0      52.001       4.944     collect        2040           0        1560           0       75731       39899       64800
          78           0      52.024       5.072  distribute        1200        1364           0       30623       86400       54289       58157
          79           0      52.138       5.119  distribute         960         322           0       30779       86400       40271       64800
          80           0      52.109       5.130  distribute         600         393           0       19839       86400       34534       64800
          81           0      51.976       5.365     collect        2160           0        1401           0       65284       33786       45670
          82           1      52.124       5.404     collect        1800           0         854           0       71584       32754       64800
          83           1      52.146       5.249  distribute         600         270           0       20950       86400       39744       64800
          84           0      52.150       5.335  distribute         720         157           0       10749       86400       39576       64800
          85           1      52.065       4.864     collect         840           0        1284           0       82089       33226       64800
          86           0      52.109       4.839     collect         840           0        1207           0       66213       34096       64800
          87           1      52.208       5.446     collect        1080           0         191           0       78556       37118       64800
          88           0      52.133       5.380  distribute        1800        1294           0       18844       86400       33401       64800
          89           1      52.203       4.830  distribute         720        1167           0        3784       86400       25434       64800
          90           1      52.100       5.135     collect        2040           0         771           0       84173       37626       64800
          91           0      52.042       5.316     collect        2280           0         109           0       77839       26112       64800
          92           1      52.082       5.128     collect         720           0        1466           0       69950       43132       64800
          93           1      52.035       5.048     collect        1080           0         397           0       83429       41246       64800
          94           0      52.189       4.892     collect        2160           0        2260           0       72443       25394       64800
          95           0      52.068       4.996     collect        1560           0        1648           0       86314       28622       64800
          96           1      52.006       5.280     collect        1200           0         587           0       69022       34682       64800
          97           1      52.158       5.171  distribute        1200         873           0       26958       86400       32794       64800
          98           1      52.087       4.967     collect        1200           0        1356           0       82604       31162       64800
          99           0      52.219       5.404  distribute        1440         184           0       13485       86400       33598       64800
         100           0      52.191       4.894  distribute        1440        1308           0        1241       86400       38195       64800
         101           0      52.074       5.354  distribute        2040        2020           0       24508       86400       34062       64800