T_2_6_100_[2] 2 4 12 102

[Vehicle Types] - ID_veh_type, fixed_cost, variable_cost, Speed, Capacity, alpha, beta, max_time, max_drive_time
           0           0        1.50          80        3200        2400        2800       54000       22000
           1           0        2.20          50        7000        6000        6200       54000       32400

[Number of Vehicle Types] - ID_veh_type, ID_depot, number_of_vehicles
           0           0          12
           1           0           6
           0           1          12
           1           1           6

[Scheduled Lines] - ID_from, ID_to, cost_per_req, capacity, dep_time, arr_time
           0           1        0.01        7000        1596        3116
           0           1        0.01        7000       12839       14359
           0           1        0.01        7000       18540       20060
           0           1        0.01        7000       53861       55381
           0           1        0.01        7000       68861       70381
           0           1        0.01        7000       70521       72041
           1           0        0.01        7000        2345        3865
           1           0        0.01        7000       16061       17581
           1           0        0.01        7000       17778       19298
           1           0        0.01        7000       57889       59409
           1           0        0.01        7000       61485       63005
           1           0        0.01        7000       72481       74001

[Nodes/requests]: ID_node, ID_depot, lat, long, type, service_time, q_del, q_col, tw_depot_start, tw_depot_end, tw_cust_start, tw_cust_end
           0           0      52.225       5.026       depot           0           0           0           0       86400           0       86400
           1           1      52.206       5.272       depot           0           0           0           0       86400           0       86400
           2           1      51.979       5.078     collect         960           0         294           0       82490       41438       64800
           3           0      52.111       5.007  distribute         600         931           0       13285       86400       36461       64800
           4           0      52.076       5.363     collect        1080           0         866           0       67834       31280       45565
           5           1      52.006       5.203  distribute         960         493           0       27001       86400       36396       64800
           6           0      52.043       5.061     collect        1080           0         317           0       85424       28456       64800
           7           0      52.181       4.954  distribute        1200         331           0        3893       86400       33605       64800
           8           1      52.044       5.166  distribute         600         283           0       22479       86400       41279       64800
           9           1      52.223       5.010  distribute         720        1163           0       38973       86400       41681       64800
          10           0      52.226       5.000  distribute        1800         338           0       16795       86400       33313       64800
          11           1      52.163       4.941     collect         720           0          83           0       73746       35217       64800
          12           0      52.012       5.135     collect        1800           0        3256           0       66364       37905       64800
          13           0      52.136       4.961  distribute         840         565           0       34974       86400       36010       64800
          14           1      52.123       5.028  distribute        1080        1471           0       30187       86400       39027       64800
          15           1      52.203       5.426  distribute        1440         390           0       26367       86400       41246       64800
          16           1      52.090       5.200  distribute        1200        1017           0        1961       86400       33390       64800
          17           1      52.204       5.080     collect         960           0         514           0       82694       32667       64800
          18           0      52.172       4.887  distribute         600         696           0        5397       86400       25843       64800
          19           1      52.099       5.119     collect        1080           0         898           0       82528       29139       64800
          20           1      52.154       5.355     collect        1800           0        2014           0       74885       28313       64800
          21           1      52.161       5.383     collect         960           0         954           0       79660       36204       64800
          22           0      52.223       5.405  distribute        1440         126           0       20838       86400       28988       64800
          23           1      52.088       5.426     collect        1200           0        1202           0       80194       40757       64800
          24           1      52.224       5.437     collect         840           0        1278           0       66077       35744       64800
          25           0      52.066       5.304     collect         720           0        1070           0       83370       26288       64800
          26           0      52.118       5.095     collect         720           0         902           0       77211       56824       66357
          27           0      52.142       5.271  distribute         720         456           0       17502       86400       42305       64800
          28           0      52.194       5.312     collect         840           0         734           0       75231       34686       64800
          29           1      52.189       5.281  distribute         720         133           0        7099       86400       26017       35309
          30           0      52.024       5.158     collect         960           0        1190           0       78351       27803       64800
          31           0      52.010       4.940  distribute        1200         284           0        3308       86400       32286       64800
          32           0      52.169       5.425  distribute         840        1260           0         270       86400       31456       64800
          33           1      52.187       5.216     collect         840           0         474           0       67900       32842       64800
          34           0      52.048       5.428  distribute        2160        1450           0         443       86400       28772       64800
          35           0      52.198       5.354  distribute        1080         677           0        4775       86400       35699       64800
          36           0      52.235       5.291     collect         720           0        1007           0       71119       41715       64800
          37           1      52.222       5.056     collect        1200           0         971           0       50411       34692       45268
          38           1      52.157       5.381  distribute         600         925           0       23662       86400       41906       64800
          39           1      52.051       4.925  distribute         720        1260           0        9490       86400       29859       64800
          40           0      51.986       5.064     collect        1200           0         365           0       69924       33488       64800
          41           1      52.162       4.883  distribute         600        1204           0          78       86400       28963       64800
          42           1      52.115       5.130  distribute        1200         300           0       18198       86400       33443       64800
          43           1      52.179       5.300     collect        1200           0          51           0       83352       42406       64800
          44           1      52.121       4.819     collect        1080           0         741           0       77747       30418       64800
          45           0      51.988       5.273     collect         960           0        1222           0       77204       33383       64800
          46           1      52.165       5.141  distribute        1320        1020           0        9055       86400       26323       64800
          47           0      52.236       5.333     collect         840           0         163           0       77994       42235       64800
          48           1      52.000       5.277     collect        1200           0         805           0       70824       42033       64800
          49           1      52.188       4.932     collect         960           0        1065           0       77120       41677       64800
          50           0      52.208       5.247     collect         600           0         663           0       66258       38993       64800
          51           1      52.066       5.341  distribute         840         111           0       20395       86400       31340       64800
          52           0      51.983       5.302  distribute        1440         165           0       24603       86400       41480       64800
          53           0      52.048       5.024     collect        1200           0        3786           0       80386       42179       64800
          54           1      52.074       4.984  distribute         960         891           0       21120       86400       26166       64800
          55           1      52.029       5.165     collect         600           0         160           0       85429       31420       64800
          56           0      52.201       5.355     collect        1440           0         360           0       83555       48504       57826
          57           0      52.052       5.411  distribute        1440        4268           0         401       86400       40687       64800
          58           0      52.091       4.818  distribute        1200         823           0       31286       86400       36566       64800
          59           0      52.201       4.818     collect         960           0         493           0       82956       29405       64800
          60           1      52.139       5.326  distribute        2280         915           0       30426       86400       32129       64800
          61           0      52.163       5.292     collect        1200           0        1115           0       74782       25817       64800
          62           0      52.130       5.301  distribute         600         707           0        9658       86400       30007       64800
          63           1      51.989       5.339     collect        1200           0        1916           0       72346       34124       64800
          64           0      52.189       5.076     collect         600           0         962           0       85972       34568       64800
          65           0      52.042       4.914  distribute         720         101           0       25132       86400       40601       54170
          66           0      52.127       5.379  distribute        1200        2072           0       29765       86400       39699       64800
          67           0      52.050       5.024  distribute        1920        1718           0       18674       86400       51216       60485
          68           0      51.980       5.330     collect        1080           0        1093           0       84816       39598       64800
          69           1      52.182       4.969  distribute        1920        5208           0       24146       86400       42981       64800
          70           0      52.209       5.255     collect        1440           0         923           0       65543       34739       64800
          71           0      52.149       5.000  distribute         720         323           0       11476       86400       33382       64800
          72           0      52.159       5.258     collect        1080           0        1028           0       70623       29282       64800
          73           1      52.025       4.990  distribute         600         779           0        3254       86400       43157       64800
          74           0      52.168       5.277  distribute         720        1334           0       27163       86400       35284       64800
          75           1      52.035       5.417     collect         720           0         268           0       84128       39978       64800
          76           1      52.117       5.024  distribute         840        1011           0       33044       86400       41023       64800
          77           1      51.988       5.237  distribute        1680        3771           0       31334       86400       34642       47834
          78           0      52.207       5.036  distribute        2040         558           0       16840       86400       30707       64800
          79           0      51.977       5.169  distribute         720         388           0       28381       86400       29814       64800
          80           0      52.162       5.309     collect         840           0          57           0       78367       41012       64800
          81           0      52.179       5.380     collect        1200           0         666           0       79531       29088       64800
          82           1      52.050       4.862     collect        1560           0         326           0       81430       37526       64800
          83           1      52.032       5.182     collect         720           0        1142           0       73930       40473       64800
          84           0      52.176       4.841  distribute        1200         287           0       29444       86400       30138       64800
          85           1      52.180       5.033  distribute         600         325           0       32458       86400       37504       64800
          86           1      52.024       5.116     collect         720           0         353           0       69998       35731       64800
          87           1      52.077       5.351  distribute         720        1271           0       24599       86400       34788       64800
          88           1      52.034       4.827     collect         960           0        1484           0       70571       36722       64800
          89           0      52.134       5.383     collect        1680           0         286           0       69397       26408       64800
          90           0      52.159       4.849  distribute         840        1355           0       21953       86400       35344       64800
          91           1      52.224       5.311     collect        1200           0        4388           0       68266       34806       64800
          92           1      52.124       5.378  distribute        1080        1490           0       16707       86400       34807       64800
          93           0      52.132       4.895  distribute         840         896           0       12081       86400       32401       64800
          94           1      52.153       4.963  distribute         600        1162           0       13423       86400       25918       64800
          95           1      51.991       4.854  distribute        1080         695           0        4695       86400       42652       64800
          96           1      52.049       4.960     collect         840           0         294           0       69455       35000       64800
          97           1      52.032       5.377     collect        1320           0        2416           0       82351       38522       64800
          98           1      52.147       4.906  distribute         600         435           0       33879       86400       37333       64800
          99           1      52.038       4.932     collect         600           0         487           0       70849       37417       64800
         100           0      52.006       5.274     collect         840           0         829           0       76934       42974       64800
         101           1      52.190       5.418     collect        1680           0        1944           0       82252       42873       64800