T_4_6_10_[2] 2 8 72 14

[Vehicle Types] - ID_veh_type, fixed_cost, variable_cost, Speed, Capacity, alpha, beta, max_time, max_drive_time
           0           0        1.50          80        3200        2400        2800       54000       22000
           1           0        2.20          50        7000        6000        6200       54000       32400

[Number of Vehicle Types] - ID_veh_type, ID_depot, number_of_vehicles
           0           0           2
           1           0           1
           0           1           2
           1           1           1
           0           2           2
           1           2           1
           0           3           2
           1           3           1

[Scheduled Lines] - ID_from, ID_to, cost_per_req, capacity, dep_time, arr_time
           0           1        0.01        7000        7619        8144
           0           1        0.01        7000       12798       13323
           0           1        0.01        7000       20156       20681
           0           1        0.01        7000       52230       52755
           0           1        0.01        7000       68605       69130
           0           1        0.01        7000       75803       76328
           0           2        0.01        7000        3007        3532
           0           2        0.01        7000       16671       17196
           0           2        0.01        7000       20269       20794
           0           2        0.01        7000       56258       56783
           0           2        0.01        7000       63815       64340
           0           2        0.01        7000       70444       70969
           0           3        0.01        7000        2246        2771
           0           3        0.01        7000       11967       12492
           0           3        0.01        7000       24998       25523
           0           3        0.01        7000       53781       54306
           0           3        0.01        7000       68946       69471
           0           3        0.01        7000       74519       75044
           1           0        0.01        7000        1562        2087
           1           0        0.01        7000       13161       13686
           1           0        0.01        7000       22372       22897
           1           0        0.01        7000       52714       53239
           1           0        0.01        7000       61687       62212
           1           0        0.01        7000       69287       69812
           1           2        0.01        7000        3520        4045
           1           2        0.01        7000       12995       13520
           1           2        0.01        7000       20321       20846
           1           2        0.01        7000       60008       60533
           1           2        0.01        7000       62747       63272
           1           2        0.01        7000       71162       71687
           1           3        0.01        7000        5927        6452
           1           3        0.01        7000       11260       11785
           1           3        0.01        7000       23182       23707
           1           3        0.01        7000       54098       54623
           1           3        0.01        7000       67088       67613
           1           3        0.01        7000       71282       71807
           2           0        0.01        7000        6890        7415
           2           0        0.01        7000       11419       11944
           2           0        0.01        7000       18250       18775
           2           0        0.01        7000       59253       59778
           2           0        0.01        7000       62046       62571
           2           0        0.01        7000       69581       70106
           2           1        0.01        7000        5340        5865
           2           1        0.01        7000       13614       14139
           2           1        0.01        7000       21585       22110
           2           1        0.01        7000       53178       53703
           2           1        0.01        7000       66596       67121
           2           1        0.01        7000       74440       74965
           2           3        0.01        7000          35         560
           2           3        0.01        7000       10369       10894
           2           3        0.01        7000       17823       18348
           2           3        0.01        7000       53798       54323
           2           3        0.01        7000       62062       62587
           2           3        0.01        7000       77758       78283
           3           0        0.01        7000        6757        7282
           3           0        0.01        7000       10462       10987
           3           0        0.01        7000       23927       24452
           3           0        0.01        7000       56477       57002
           3           0        0.01        7000       62763       63288
           3           0        0.01        7000       69954       70479
           3           1        0.01        7000        6652        7177
           3           1        0.01        7000       13003       13528
           3           1        0.01        7000       23318       23843
           3           1        0.01        7000       57292       57817
           3           1        0.01        7000       63883       64408
           3           1        0.01        7000       72496       73021
           3           2        0.01        7000         718        1243
           3           2        0.01        7000       16464       16989
           3           2        0.01        7000       20169       20694
           3           2        0.01        7000       54552       55077
           3           2        0.01        7000       68339       68864
           3           2        0.01        7000       71985       72510

[Nodes/requests]: ID_node, ID_depot, lat, long, type, service_time, q_del, q_col, tw_depot_start, tw_depot_end, tw_cust_start, tw_cust_end
           0           0      52.225       5.099       depot           0           0           0           0       86400           0       86400
           1           1      52.175       5.125       depot           0           0           0           0       86400           0       86400
           2           2      52.233       5.096       depot           0           0           0           0       86400           0       86400
           3           3      52.063       5.375       depot           0           0           0           0       86400           0       86400
           4           0      52.159       5.278     collect        1080           0         831           0       74188       38650       64800
           5           3      52.178       5.211  distribute        1080        1147           0        3663       86400       26081       64800
           6           3      52.170       5.396     collect        1080           0         343           0       78635       33744       64800
           7           1      52.146       4.922     collect         720           0        1109           0       74493       32546       64800
           8           3      52.172       5.077  distribute        2280        3288           0       14929       86400       30792       64800
           9           3      51.984       5.032     collect        1080           0         752           0       66953       40830       64800
          10           3      52.213       5.435     collect        1080           0         288           0       71360       27016       64800
          11           0      52.049       5.318     collect         720           0         795           0       67531       26203       64800
          12           1      52.139       5.222     collect         960           0         758           0       76271       54050       68158
          13           1      52.087       5.075  distribute         600        1318           0         251       86400       42842       64800