T_4_6_10_[0] 2 8 72 14

[Vehicle Types] - ID_veh_type, fixed_cost, variable_cost, Speed, Capacity, alpha, beta, max_time, max_drive_time
           0           0        1.50          80        3200        2400        2800       54000       22000
           1           0        2.20          50        7000        6000        6200       54000       32400

[Number of Vehicle Types] - ID_veh_type, ID_depot, number_of_vehicles
           0           0           2
           1           0           1
           0           1           2
           1           1           1
           0           2           2
           1           2           1
           0           3           2
           1           3           1

[Scheduled Lines] - ID_from, ID_to, cost_per_req, capacity, dep_time, arr_time
           0           1        0.01        7000        6526        9448
           0           1        0.01        7000       11653       14575
           0           1        0.01        7000       20349       23271
           0           1        0.01        7000       55422       58344
           0           1        0.01        7000       61387       64309
           0           1        0.01        7000       70331       73253
           0           2        0.01        7000        5221        8143
           0           2        0.01        7000        8700       11622
           0           2        0.01        7000       22123       25045
           0           2        0.01        7000       55523       58445
           0           2        0.01        7000       61703       64625
           0           2        0.01        7000       77361       80283
           0           3        0.01        7000        8078       11000
           0           3        0.01        7000        8727       11649
           0           3        0.01        7000       25418       28340
           0           3        0.01        7000       56833       59755
           0           3        0.01        7000       61534       64456
           0           3        0.01        7000       77751       80673
           1           0        0.01        7000        2696        5618
           1           0        0.01        7000       12793       15715
           1           0        0.01        7000       19849       22771
           1           0        0.01        7000       54089       57011
           1           0        0.01        7000       61727       64649
           1           0        0.01        7000       75894       78816
           1           2        0.01        7000        5392        8314
           1           2        0.01        7000       16817       19739
           1           2        0.01        7000       19347       22269
           1           2        0.01        7000       60087       63009
           1           2        0.01        7000       66676       69598
           1           2        0.01        7000       75890       78812
           1           3        0.01        7000        1238        4160
           1           3        0.01        7000       16476       19398
           1           3        0.01        7000       18765       21687
           1           3        0.01        7000       58756       61678
           1           3        0.01        7000       64206       67128
           1           3        0.01        7000       76161       79083
           2           0        0.01        7000        8191       11113
           2           0        0.01        7000        8994       11916
           2           0        0.01        7000       19565       22487
           2           0        0.01        7000       58671       61593
           2           0        0.01        7000       61118       64040
           2           0        0.01        7000       71786       74708
           2           1        0.01        7000        6232        9154
           2           1        0.01        7000       10701       13623
           2           1        0.01        7000       23547       26469
           2           1        0.01        7000       55647       58569
           2           1        0.01        7000       64360       67282
           2           1        0.01        7000       75465       78387
           2           3        0.01        7000        3333        6255
           2           3        0.01        7000       14346       17268
           2           3        0.01        7000       24678       27600
           2           3        0.01        7000       56588       59510
           2           3        0.01        7000       67808       70730
           2           3        0.01        7000       70258       73180
           3           0        0.01        7000         865        3787
           3           0        0.01        7000       15659       18581
           3           0        0.01        7000       18973       21895
           3           0        0.01        7000       59565       62487
           3           0        0.01        7000       67278       70200
           3           0        0.01        7000       75408       78330
           3           1        0.01        7000        2022        4944
           3           1        0.01        7000       16815       19737
           3           1        0.01        7000       23832       26754
           3           1        0.01        7000       54106       57028
           3           1        0.01        7000       68094       71016
           3           1        0.01        7000       74499       77421
           3           2        0.01        7000        2565        5487
           3           2        0.01        7000       10017       12939
           3           2        0.01        7000       21112       24034
           3           2        0.01        7000       56592       59514
           3           2        0.01        7000       62058       64980
           3           2        0.01        7000       69644       72566

[Nodes/requests]: ID_node, ID_depot, lat, long, type, service_time, q_del, q_col, tw_depot_start, tw_depot_end, tw_cust_start, tw_cust_end
           0           0      52.179       5.329       depot           0           0           0           0       86400           0       86400
           1           1      52.160       4.854       depot           0           0           0           0       86400           0       86400
           2           2      52.088       5.144       depot           0           0           0           0       86400           0       86400
           3           3      52.207       5.383       depot           0           0           0           0       86400           0       86400
           4           0      52.088       5.194     collect        1080           0         536           0       73404       29150       64800
           5           2      52.162       5.110     collect         840           0        1471           0       77221       26875       64800
           6           1      52.013       5.372  distribute         960         731           0       21319       86400       28235       64800
           7           1      52.143       5.261  distribute         720         879           0       32402       86400       37609       64800
           8           2      52.061       5.324     collect        1800           0         735           0       81574       26279       64800
           9           1      52.206       5.329  distribute        1080        1234           0       27061       86400       36337       64800
          10           3      52.199       5.373  distribute        1080         462           0       23152       86400       28091       64800
          11           2      52.073       4.898  distribute         840         303           0        2594       86400       54013       64558
          12           2      52.060       5.007     collect        1680           0        3140           0       67359       30215       64800
          13           1      52.010       5.174  distribute         840         580           0        4702       86400       26145       64800