T_4_6_10_[1] 2 8 72 14

[Vehicle Types] - ID_veh_type, fixed_cost, variable_cost, Speed, Capacity, alpha, beta, max_time, max_drive_time
           0           0        1.50          80        3200        2400        2800       54000       22000
           1           0        2.20          50        7000        6000        6200       54000       32400

[Number of Vehicle Types] - ID_veh_type, ID_depot, number_of_vehicles
           0           0           2
           1           0           1
           0           1           2
           1           1           1
           0           2           2
           1           2           1
           0           3           2
           1           3           1

[Scheduled Lines] - ID_from, ID_to, cost_per_req, capacity, dep_time, arr_time
           0           1        0.01        7000        7743        9005
           0           1        0.01        7000       11213       12475
           0           1        0.01        7000       18198       19460
           0           1        0.01        7000       52760       54022
           0           1        0.01        7000       64368       65630
           0           1        0.01        7000       74542       75804
           0           2        0.01        7000         204        1466
           0           2        0.01        7000       13720       14982
           0           2        0.01        7000       18047       19309
           0           2        0.01        7000       51921       53183
           0           2        0.01        7000       63332       64594
           0           2        0.01        7000       75887       77149
           0           3        0.01        7000        4421        5683
           0           3        0.01        7000       15389       16651
           0           3        0.01        7000       22917       24179
           0           3        0.01        7000       55206       56468
           0           3        0.01        7000       64852       66114
           0           3        0.01        7000       77399       78661
           1           0        0.01        7000        7400        8662
           1           0        0.01        7000       14066       15328
           1           0        0.01        7000       23736       24998
           1           0        0.01        7000       53091       54353
           1           0        0.01        7000       66173       67435
           1           0        0.01        7000       76584       77846
           1           2        0.01        7000        1824        3086
           1           2        0.01        7000       14236       15498
           1           2        0.01        7000       17391       18653
           1           2        0.01        7000       52323       53585
           1           2        0.01        7000       62327       63589
           1           2        0.01        7000       77444       78706
           1           3        0.01        7000        5293        6555
           1           3        0.01        7000       12275       13537
           1           3        0.01        7000       24301       25563
           1           3        0.01        7000       56992       58254
           1           3        0.01        7000       60774       62036
           1           3        0.01        7000       69479       70741
           2           0        0.01        7000        7923        9185
           2           0        0.01        7000        9399       10661
           2           0        0.01        7000       18284       19546
           2           0        0.01        7000       52066       53328
           2           0        0.01        7000       63591       64853
           2           0        0.01        7000       71264       72526
           2           1        0.01        7000        7461        8723
           2           1        0.01        7000       11902       13164
           2           1        0.01        7000       17361       18623
           2           1        0.01        7000       59144       60406
           2           1        0.01        7000       62152       63414
           2           1        0.01        7000       76680       77942
           2           3        0.01        7000        1682        2944
           2           3        0.01        7000       15789       17051
           2           3        0.01        7000       22744       24006
           2           3        0.01        7000       55602       56864
           2           3        0.01        7000       67861       69123
           2           3        0.01        7000       71848       73110
           3           0        0.01        7000         178        1440
           3           0        0.01        7000       10475       11737
           3           0        0.01        7000       25451       26713
           3           0        0.01        7000       58857       60119
           3           0        0.01        7000       65613       66875
           3           0        0.01        7000       72095       73357
           3           1        0.01        7000        6741        8003
           3           1        0.01        7000        9462       10724
           3           1        0.01        7000       21735       22997
           3           1        0.01        7000       58429       59691
           3           1        0.01        7000       66151       67413
           3           1        0.01        7000       70356       71618
           3           2        0.01        7000        2536        3798
           3           2        0.01        7000       16820       18082
           3           2        0.01        7000       20049       21311
           3           2        0.01        7000       53042       54304
           3           2        0.01        7000       67088       68350
           3           2        0.01        7000       73958       75220

[Nodes/requests]: ID_node, ID_depot, lat, long, type, service_time, q_del, q_col, tw_depot_start, tw_depot_end, tw_cust_start, tw_cust_end
           0           0      52.214       4.840       depot           0           0           0           0       86400           0       86400
           1           1      52.089       4.867       depot           0           0           0           0       86400           0       86400
           2           2      51.991       5.292       depot           0           0           0           0       86400           0       86400
           3           3      52.177       5.121       depot           0           0           0           0       86400           0       86400
           4           1      52.210       5.320  distribute        1200         228           0       17791       86400       30235       64800
           5           1      52.122       4.840     collect        2160           0        2072           0       77687       40978       64800
           6           3      52.179       5.242  distribute        1080         358           0       13704       86400       34170       64800
           7           1      52.116       5.338     collect         960           0         154           0       77457       27587       64800
           8           3      52.205       4.841  distribute        1080        1389           0       17603       86400       31824       64800
           9           2      52.236       5.232  distribute         720         880           0       14967       86400       40847       45246
          10           1      52.147       4.950     collect        2040           0        1348           0       78313       28253       39671
          11           2      52.195       5.318     collect         600           0         632           0       68242       44982       54530
          12           3      52.183       5.203  distribute        1320        2128           0       12799       86400       33184       64800
          13           0      52.120       5.273  distribute        1680         162           0        6994       86400       27686       64800